Estimating optimal shrinkage intensity lambda (correlation matrix): 0.0473 

            auth_bp  auth_imp   auth_rt   auth_sa ili_champ   ili_emb   ili_ent
auth_bp   1.0000000 0.5403487 0.6648480 0.6565843 0.3033294 0.2418304 0.2615074
auth_imp  0.5403487 1.0000000 0.6116898 0.6493655 0.4294476 0.2275001 0.3014533
auth_rt   0.6648480 0.6116898 1.0000000 0.7546143 0.3503824 0.2485459 0.3116124
auth_sa   0.6565843 0.6493655 0.7546143 1.0000000 0.3735384 0.2449836 0.3146311
ili_champ 0.3033294 0.4294476 0.3503824 0.3735384 1.0000000 0.5608224 0.7140807
ili_emb   0.2418304 0.2275001 0.2485459 0.2449836 0.5608224 1.0000000 0.6814956
ili_ent   0.2615074 0.3014533 0.3116124 0.3146311 0.7140807 0.6814956 1.0000000
ili_pro   0.3070277 0.4201240 0.3315356 0.3565473 0.7231348 0.5993060 0.7281584
ili       0.3157792 0.3903980 0.3519223 0.3653859 0.8319568 0.7929569 0.8747403
leadChal  0.3357569 0.4635915 0.3824837 0.3734300 0.4175853 0.3828594 0.3260175
tfl_id    0.3917003 0.5503483 0.3746231 0.4447837 0.3522028 0.2410113 0.3506220
tfl_insp  0.5126925 0.4616912 0.4639554 0.4638445 0.3542414 0.3868809 0.4314245
tfl_int   0.4552615 0.4100404 0.4202938 0.3949232 0.3633059 0.4112375 0.3916876
tfl_pers  0.4129951 0.5080765 0.3218812 0.4288456 0.3031128 0.1957707 0.2733337
tfl_sup   0.4834374 0.4474579 0.4157940 0.5283577 0.2222613 0.1646684 0.2800088
tfl_vis   0.4270400 0.5580240 0.5351019 0.4889937 0.4071067 0.2945192 0.3613434
            ili_pro       ili  leadChal    tfl_id  tfl_insp   tfl_int  tfl_pers
auth_bp   0.3070277 0.3157792 0.3357569 0.3917003 0.5126925 0.4552615 0.4129951
auth_imp  0.4201240 0.3903980 0.4635915 0.5503483 0.4616912 0.4100404 0.5080765
auth_rt   0.3315356 0.3519223 0.3824837 0.3746231 0.4639554 0.4202938 0.3218812
auth_sa   0.3565473 0.3653859 0.3734300 0.4447837 0.4638445 0.3949232 0.4288456
ili_champ 0.7231348 0.8319568 0.4175853 0.3522028 0.3542414 0.3633059 0.3031128
ili_emb   0.5993060 0.7929569 0.3828594 0.2410113 0.3868809 0.4112375 0.1957707
ili_ent   0.7281584 0.8747403 0.3260175 0.3506220 0.4314245 0.3916876 0.2733337
ili_pro   1.0000000 0.8563945 0.3987695 0.4495640 0.4328222 0.4085224 0.3323496
ili       0.8563945 1.0000000 0.4316079 0.3972939 0.4572466 0.4475204 0.3138939
leadChal  0.3987695 0.4316079 1.0000000 0.4953215 0.5594187 0.4864715 0.4419487
tfl_id    0.4495640 0.3972939 0.4953215 1.0000000 0.6657342 0.5604983 0.6914858
tfl_insp  0.4328222 0.4572466 0.5594187 0.6657342 1.0000000 0.7630496 0.6299271
tfl_int   0.4085224 0.4475204 0.4864715 0.5604983 0.7630496 1.0000000 0.5454371
tfl_pers  0.3323496 0.3138939 0.4419487 0.6914858 0.6299271 0.5454371 1.0000000
tfl_sup   0.2847289 0.2716778 0.2964939 0.5139569 0.5578615 0.4543523 0.5731040
tfl_vis   0.4123481 0.4184913 0.5230511 0.6728131 0.6243980 0.5236733 0.5556950
            tfl_sup   tfl_vis
auth_bp   0.4834374 0.4270400
auth_imp  0.4474579 0.5580240
auth_rt   0.4157940 0.5351019
auth_sa   0.5283577 0.4889937
ili_champ 0.2222613 0.4071067
ili_emb   0.1646684 0.2945192
ili_ent   0.2800088 0.3613434
ili_pro   0.2847289 0.4123481
ili       0.2716778 0.4184913
leadChal  0.2964939 0.5230511
tfl_id    0.5139569 0.6728131
tfl_insp  0.5578615 0.6243980
tfl_int   0.4543523 0.5236733
tfl_pers  0.5731040 0.5556950
tfl_sup   1.0000000 0.3970205
tfl_vis   0.3970205 1.0000000
attr(,"lambda")
[1] 0.04729277
attr(,"lambda.estimated")
[1] TRUE
attr(,"class")
[1] "shrinkage"
