% latex table generated in R 3.4.3 by xtable 1.8-2 package
% Mon Jun 25 21:05:44 2018
\begin{table}[ht]
\centering
\begin{tabular}{rllllll}
  \hline
 & brs & dis & leadChal & sc.hw & uh & uh.vmi \\ 
  \hline
brs & $1^***$ & $0.23^**$ & $-0.03$ & $-0.15^**$ & $-0.01$ & $-0.23^**$ \\ 
  dis & $0.23^**$ & $1^***$ & $-0.36^***$ & $-0.24^***$ & $-0.28^***$ & $-0.27^***$ \\ 
  leadChal & $-0.03$ & $-0.36^***$ & $1^***$ & $0.29^***$ & $0.3^***$ & $0.43^***$ \\ 
  sc.hw & $-0.15^**$ & $-0.24^***$ & $0.29^***$ & $1^***$ & $0.37^***$ & $0.28^***$ \\ 
  uh & $-0.01$ & $-0.28^***$ & $0.3^***$ & $0.37^***$ & $1^***$ & $0.54^***$ \\ 
  uh.vmi & $-0.23^**$ & $-0.27^***$ & $0.43^***$ & $0.28^***$ & $0.54^***$ & $1^***$ \\ 
   \hline
\end{tabular}
\caption{disscal.corr fl.17 $* p < 0.05; ** p < 0.01; *** p < 0.001$} 
\end{table}
