% latex table generated in R 3.4.3 by xtable 1.8-2 package
% Mon Jun 25 21:05:45 2018
\begin{table}[ht]
\centering
\begin{tabular}{rlllllll}
  \hline
 & bfi.agree & bfi.consc & bfi.extrav & bfi.neur & bfi.open & ffmq & leadChal \\ 
  \hline
bfi.agree & $1^***$ & $0.23^**$ & $0.02$ & $-0.41^***$ & $0.29^***$ & $0.14^**$ & $0.15^**$ \\ 
  bfi.consc & $0.23^**$ & $1^***$ & $0.13$ & $-0.23^**$ & $0.07$ & $0.27^***$ & $0.23^**$ \\ 
  bfi.extrav & $0.02$ & $0.13$ & $1^***$ & $-0.16^**$ & $0.12$ & $0.19^**$ & $0.35^***$ \\ 
  bfi.neur & $-0.41^***$ & $-0.23^**$ & $-0.16^**$ & $1^***$ & $-0.16^**$ & $-0.45^***$ & $-0.26^**$ \\ 
  bfi.open & $0.29^***$ & $0.07$ & $0.12$ & $-0.16^**$ & $1^***$ & $0.24^**$ & $0.31^***$ \\ 
  ffmq & $0.14^**$ & $0.27^***$ & $0.19^**$ & $-0.45^***$ & $0.24^**$ & $1^***$ & $0.29^***$ \\ 
  leadChal & $0.15^**$ & $0.23^**$ & $0.35^***$ & $-0.26^**$ & $0.31^***$ & $0.29^***$ & $1^***$ \\ 
   \hline
\end{tabular}
\caption{pers.corr sp.17 $* p < 0.05; ** p < 0.01; *** p < 0.001$} 
\end{table}
