% latex table generated in R 3.4.3 by xtable 1.8-2 package
% Mon Jun 25 21:05:45 2018
\begin{table}[ht]
\centering
\begin{tabular}{rlllllllllllllll}
  \hline
 & auth.bp & auth.imp & auth.rt & auth.sa & ili.champ & ili.emb & ili.ent & ili.pro & leadChal & tfl.id & tfl.insp & tfl.int & tfl.pers & tfl.sup & tfl.vis \\ 
  \hline
auth.bp & $1^***$ & $0.59^***$ & $0.7^***$ & $0.71^***$ & $0.32^***$ & $0.25^**$ & $0.29^***$ & $0.33^***$ & $0.35^***$ & $0.43^***$ & $0.54^***$ & $0.47^***$ & $0.45^***$ & $0.53^***$ & $0.46^***$ \\ 
  auth.imp & $0.59^***$ & $1^***$ & $0.64^***$ & $0.68^***$ & $0.45^***$ & $0.21^**$ & $0.3^***$ & $0.44^***$ & $0.46^***$ & $0.57^***$ & $0.47^***$ & $0.42^***$ & $0.54^***$ & $0.48^***$ & $0.57^***$ \\ 
  auth.rt & $0.7^***$ & $0.64^***$ & $1^***$ & $0.8^***$ & $0.38^***$ & $0.24^**$ & $0.33^***$ & $0.35^***$ & $0.38^***$ & $0.39^***$ & $0.48^***$ & $0.44^***$ & $0.35^***$ & $0.45^***$ & $0.55^***$ \\ 
  auth.sa & $0.71^***$ & $0.68^***$ & $0.8^***$ & $1^***$ & $0.39^***$ & $0.27^***$ & $0.34^***$ & $0.39^***$ & $0.39^***$ & $0.46^***$ & $0.49^***$ & $0.42^***$ & $0.45^***$ & $0.57^***$ & $0.5^***$ \\ 
  ili.champ & $0.32^***$ & $0.45^***$ & $0.38^***$ & $0.39^***$ & $1^***$ & $0.6^***$ & $0.77^***$ & $0.76^***$ & $0.44^***$ & $0.37^***$ & $0.36^***$ & $0.37^***$ & $0.31^***$ & $0.22^**$ & $0.43^***$ \\ 
  ili.emb & $0.25^**$ & $0.21^**$ & $0.24^**$ & $0.27^***$ & $0.6^***$ & $1^***$ & $0.69^***$ & $0.6^***$ & $0.37^***$ & $0.27^***$ & $0.39^***$ & $0.41^***$ & $0.24^**$ & $0.13$ & $0.31^***$ \\ 
  ili.ent & $0.29^***$ & $0.3^***$ & $0.33^***$ & $0.34^***$ & $0.77^***$ & $0.69^***$ & $1^***$ & $0.75^***$ & $0.33^***$ & $0.38^***$ & $0.44^***$ & $0.39^***$ & $0.31^***$ & $0.27^**$ & $0.39^***$ \\ 
  ili.pro & $0.33^***$ & $0.44^***$ & $0.35^***$ & $0.39^***$ & $0.76^***$ & $0.6^***$ & $0.75^***$ & $1^***$ & $0.42^***$ & $0.49^***$ & $0.44^***$ & $0.41^***$ & $0.37^***$ & $0.27^***$ & $0.45^***$ \\ 
  leadChal & $0.35^***$ & $0.46^***$ & $0.38^***$ & $0.39^***$ & $0.44^***$ & $0.37^***$ & $0.33^***$ & $0.42^***$ & $1^***$ & $0.52^***$ & $0.58^***$ & $0.5^***$ & $0.48^***$ & $0.33^***$ & $0.52^***$ \\ 
  tfl.id & $0.43^***$ & $0.57^***$ & $0.39^***$ & $0.46^***$ & $0.37^***$ & $0.27^***$ & $0.38^***$ & $0.49^***$ & $0.52^***$ & $1^***$ & $0.7^***$ & $0.6^***$ & $0.73^***$ & $0.56^***$ & $0.7^***$ \\ 
  tfl.insp & $0.54^***$ & $0.47^***$ & $0.48^***$ & $0.49^***$ & $0.36^***$ & $0.39^***$ & $0.44^***$ & $0.44^***$ & $0.58^***$ & $0.7^***$ & $1^***$ & $0.8^***$ & $0.67^***$ & $0.59^***$ & $0.65^***$ \\ 
  tfl.int & $0.47^***$ & $0.42^***$ & $0.44^***$ & $0.42^***$ & $0.37^***$ & $0.41^***$ & $0.39^***$ & $0.41^***$ & $0.5^***$ & $0.6^***$ & $0.8^***$ & $1^***$ & $0.58^***$ & $0.47^***$ & $0.55^***$ \\ 
  tfl.pers & $0.45^***$ & $0.54^***$ & $0.35^***$ & $0.45^***$ & $0.31^***$ & $0.24^**$ & $0.31^***$ & $0.37^***$ & $0.48^***$ & $0.73^***$ & $0.67^***$ & $0.58^***$ & $1^***$ & $0.62^***$ & $0.59^***$ \\ 
  tfl.sup & $0.53^***$ & $0.48^***$ & $0.45^***$ & $0.57^***$ & $0.22^**$ & $0.13$ & $0.27^**$ & $0.27^***$ & $0.33^***$ & $0.56^***$ & $0.59^***$ & $0.47^***$ & $0.62^***$ & $1^***$ & $0.44^***$ \\ 
  tfl.vis & $0.46^***$ & $0.57^***$ & $0.55^***$ & $0.5^***$ & $0.43^***$ & $0.31^***$ & $0.39^***$ & $0.45^***$ & $0.52^***$ & $0.7^***$ & $0.65^***$ & $0.55^***$ & $0.59^***$ & $0.44^***$ & $1^***$ \\ 
   \hline
\end{tabular}
\caption{lead.corr sp.17 $* p < 0.05; ** p < 0.01; *** p < 0.001$} 
\end{table}
