% latex table generated in R 3.4.3 by xtable 1.8-2 package
% Mon Jun 25 21:05:45 2018
\begin{table}[ht]
\centering
\begin{tabular}{rlllllll}
  \hline
 & bfi.agree & bfi.consc & bfi.extrav & bfi.neur & bfi.open & ffmq & leadChal \\ 
  \hline
bfi.agree & $1^***$ & $0.31^***$ & $0.06$ & $-0.42^***$ & $0.05$ & $0.34^***$ & $0.1$ \\ 
  bfi.consc & $0.31^***$ & $1^***$ & $0.1$ & $-0.36^***$ & $-0.06$ & $0.37^***$ & $0.39^***$ \\ 
  bfi.extrav & $0.06$ & $0.1$ & $1^***$ & $-0.23^**$ & $0.34^***$ & $0.32^***$ & $0.31^***$ \\ 
  bfi.neur & $-0.42^***$ & $-0.36^***$ & $-0.23^**$ & $1^***$ & $-0.07$ & $-0.61^***$ & $-0.23^**$ \\ 
  bfi.open & $0.05$ & $-0.06$ & $0.34^***$ & $-0.07$ & $1^***$ & $0.13^**$ & $0.31^***$ \\ 
  ffmq & $0.34^***$ & $0.37^***$ & $0.32^***$ & $-0.61^***$ & $0.13^**$ & $1^***$ & $0.21^**$ \\ 
  leadChal & $0.1$ & $0.39^***$ & $0.31^***$ & $-0.23^**$ & $0.31^***$ & $0.21^**$ & $1^***$ \\ 
   \hline
\end{tabular}
\caption{pers.corr fl.17 $* p < 0.05; ** p < 0.01; *** p < 0.001$} 
\end{table}
