% latex table generated in R 3.4.3 by xtable 1.8-2 package
% Mon Jun 25 21:05:45 2018
\begin{table}[ht]
\centering
\begin{tabular}{rllllll}
  \hline
 & bfi.consc & grt & har & leadChal & lnr & mt \\ 
  \hline
bfi.consc & $1^***$ & $0.73^***$ & $0.4^***$ & $0.36^***$ & $0.47^***$ & $0.54^***$ \\ 
  grt & $0.73^***$ & $1^***$ & $0.37^***$ & $0.35^***$ & $0.51^***$ & $0.52^***$ \\ 
  har & $0.4^***$ & $0.37^***$ & $1^***$ & $0.35^***$ & $0.37^***$ & $0.59^***$ \\ 
  leadChal & $0.36^***$ & $0.35^***$ & $0.35^***$ & $1^***$ & $0.44^***$ & $0.44^***$ \\ 
  lnr & $0.47^***$ & $0.51^***$ & $0.37^***$ & $0.44^***$ & $1^***$ & $0.33^***$ \\ 
  mt & $0.54^***$ & $0.52^***$ & $0.59^***$ & $0.44^***$ & $0.33^***$ & $1^***$ \\ 
   \hline
\end{tabular}
\caption{mt.corr sp.18 $* p < 0.05; ** p < 0.01; *** p < 0.001$} 
\end{table}
