% latex table generated in R 3.4.3 by xtable 1.8-2 package
% Mon Jun 25 21:05:45 2018
\begin{table}[ht]
\centering
\begin{tabular}{rlllllll}
  \hline
 & bfi.agree & bfi.consc & bfi.extrav & bfi.neur & bfi.open & ffmq & leadChal \\ 
  \hline
bfi.agree & $1^***$ & $0.31^***$ & $0.14^**$ & $-0.36^***$ & $0.22^**$ & $0.25^***$ & $0.09$ \\ 
  bfi.consc & $0.31^***$ & $1^***$ & $0.1$ & $-0.36^***$ & $0.06$ & $0.39^***$ & $0.36^***$ \\ 
  bfi.extrav & $0.14^**$ & $0.1$ & $1^***$ & $-0.23^**$ & $0.25^***$ & $0.23^**$ & $0.45^***$ \\ 
  bfi.neur & $-0.36^***$ & $-0.36^***$ & $-0.23^**$ & $1^***$ & $-0.11$ & $-0.48^***$ & $-0.3^***$ \\ 
  bfi.open & $0.22^**$ & $0.06$ & $0.25^***$ & $-0.11$ & $1^***$ & $0.2^**$ & $0.31^***$ \\ 
  ffmq & $0.25^***$ & $0.39^***$ & $0.23^**$ & $-0.48^***$ & $0.2^**$ & $1^***$ & $0.28^***$ \\ 
  leadChal & $0.09$ & $0.36^***$ & $0.45^***$ & $-0.3^***$ & $0.31^***$ & $0.28^***$ & $1^***$ \\ 
   \hline
\end{tabular}
\caption{pers.corr sp.18 $* p < 0.05; ** p < 0.01; *** p < 0.001$} 
\end{table}
