% latex table generated in R 3.4.3 by xtable 1.8-2 package
% Mon Jun 25 21:05:44 2018
\begin{table}[ht]
\centering
\begin{tabular}{rlllllllllllllll}
  \hline
 & auth.bp & auth.imp & auth.rt & auth.sa & ili.champ & ili.emb & ili.ent & ili.pro & leadChal & tfl.id & tfl.insp & tfl.int & tfl.pers & tfl.sup & tfl.vis \\ 
  \hline
auth.bp & $1^***$ & $0.37^***$ & $0.54^***$ & $0.63^***$ & $0.31^***$ & $0.19^**$ & $0.32^***$ & $0.23^**$ & $0.29^***$ & $0.25^***$ & $0.44^***$ & $0.43^***$ & $0.26^***$ & $0.31^***$ & $0.34^***$ \\ 
  auth.imp & $0.37^***$ & $1^***$ & $0.47^***$ & $0.37^***$ & $0.41^***$ & $0.12$ & $0.36^***$ & $0.3^***$ & $0.27^***$ & $0.53^***$ & $0.39^***$ & $0.23^**$ & $0.37^***$ & $0.35^***$ & $0.45^***$ \\ 
  auth.rt & $0.54^***$ & $0.47^***$ & $1^***$ & $0.59^***$ & $0.39^***$ & $0.26^***$ & $0.34^***$ & $0.28^***$ & $0.41^***$ & $0.38^***$ & $0.45^***$ & $0.28^***$ & $0.37^***$ & $0.33^***$ & $0.41^***$ \\ 
  auth.sa & $0.63^***$ & $0.37^***$ & $0.59^***$ & $1^***$ & $0.36^***$ & $0.33^***$ & $0.39^***$ & $0.31^***$ & $0.33^***$ & $0.27^***$ & $0.42^***$ & $0.31^***$ & $0.28^***$ & $0.24^**$ & $0.35^***$ \\ 
  ili.champ & $0.31^***$ & $0.41^***$ & $0.39^***$ & $0.36^***$ & $1^***$ & $0.51^***$ & $0.53^***$ & $0.58^***$ & $0.37^***$ & $0.46^***$ & $0.51^***$ & $0.33^***$ & $0.45^***$ & $0.42^***$ & $0.48^***$ \\ 
  ili.emb & $0.19^**$ & $0.12$ & $0.26^***$ & $0.33^***$ & $0.51^***$ & $1^***$ & $0.6^***$ & $0.51^***$ & $0.4^***$ & $0.26^***$ & $0.39^***$ & $0.36^***$ & $0.25^***$ & $0.3^***$ & $0.34^***$ \\ 
  ili.ent & $0.32^***$ & $0.36^***$ & $0.34^***$ & $0.39^***$ & $0.53^***$ & $0.6^***$ & $1^***$ & $0.65^***$ & $0.32^***$ & $0.39^***$ & $0.49^***$ & $0.37^***$ & $0.37^***$ & $0.41^***$ & $0.36^***$ \\ 
  ili.pro & $0.23^**$ & $0.3^***$ & $0.28^***$ & $0.31^***$ & $0.58^***$ & $0.51^***$ & $0.65^***$ & $1^***$ & $0.3^***$ & $0.45^***$ & $0.41^***$ & $0.24^**$ & $0.28^***$ & $0.37^***$ & $0.41^***$ \\ 
  leadChal & $0.29^***$ & $0.27^***$ & $0.41^***$ & $0.33^***$ & $0.37^***$ & $0.4^***$ & $0.32^***$ & $0.3^***$ & $1^***$ & $0.36^***$ & $0.42^***$ & $0.37^***$ & $0.26^***$ & $0.29^***$ & $0.45^***$ \\ 
  tfl.id & $0.25^***$ & $0.53^***$ & $0.38^***$ & $0.27^***$ & $0.46^***$ & $0.26^***$ & $0.39^***$ & $0.45^***$ & $0.36^***$ & $1^***$ & $0.54^***$ & $0.31^***$ & $0.54^***$ & $0.42^***$ & $0.52^***$ \\ 
  tfl.insp & $0.44^***$ & $0.39^***$ & $0.45^***$ & $0.42^***$ & $0.51^***$ & $0.39^***$ & $0.49^***$ & $0.41^***$ & $0.42^***$ & $0.54^***$ & $1^***$ & $0.55^***$ & $0.66^***$ & $0.5^***$ & $0.62^***$ \\ 
  tfl.int & $0.43^***$ & $0.23^**$ & $0.28^***$ & $0.31^***$ & $0.33^***$ & $0.36^***$ & $0.37^***$ & $0.24^**$ & $0.37^***$ & $0.31^***$ & $0.55^***$ & $1^***$ & $0.34^***$ & $0.3^***$ & $0.28^***$ \\ 
  tfl.pers & $0.26^***$ & $0.37^***$ & $0.37^***$ & $0.28^***$ & $0.45^***$ & $0.25^***$ & $0.37^***$ & $0.28^***$ & $0.26^***$ & $0.54^***$ & $0.66^***$ & $0.34^***$ & $1^***$ & $0.56^***$ & $0.62^***$ \\ 
  tfl.sup & $0.31^***$ & $0.35^***$ & $0.33^***$ & $0.24^**$ & $0.42^***$ & $0.3^***$ & $0.41^***$ & $0.37^***$ & $0.29^***$ & $0.42^***$ & $0.5^***$ & $0.3^***$ & $0.56^***$ & $1^***$ & $0.45^***$ \\ 
  tfl.vis & $0.34^***$ & $0.45^***$ & $0.41^***$ & $0.35^***$ & $0.48^***$ & $0.34^***$ & $0.36^***$ & $0.41^***$ & $0.45^***$ & $0.52^***$ & $0.62^***$ & $0.28^***$ & $0.62^***$ & $0.45^***$ & $1^***$ \\ 
   \hline
\end{tabular}
\caption{lead.corr fl.17 $* p < 0.05; ** p < 0.01; *** p < 0.001$} 
\end{table}
