% latex table generated in R 3.4.3 by xtable 1.8-2 package
% Mon Jun 25 21:05:45 2018
\begin{table}[ht]
\centering
\begin{tabular}{rllllllllllllllll}
  \hline
 & auth.bp & auth.imp & auth.rt & auth.sa & ili.champ & ili.emb & ili.ent & ili.pro & leadChal & lnr & tfl.id & tfl.insp & tfl.int & tfl.pers & tfl.sup & tfl.vis \\ 
  \hline
auth.bp & $1^***$ & $0.3^***$ & $0.4^***$ & $0.44^***$ & $0.33^***$ & $0.39^***$ & $0.47^***$ & $0.44^***$ & $0.43^***$ & $0.12$ & $0.35^***$ & $0.41^***$ & $0.35^***$ & $0.36^***$ & $0.41^***$ & $0.22^**$ \\ 
  auth.imp & $0.3^***$ & $1^***$ & $0.39^***$ & $0.39^***$ & $0.41^***$ & $0.33^***$ & $0.43^***$ & $0.5^***$ & $0.48^***$ & $0.21^**$ & $0.45^***$ & $0.36^***$ & $0.28^***$ & $0.37^***$ & $0.32^***$ & $0.24^***$ \\ 
  auth.rt & $0.4^***$ & $0.39^***$ & $1^***$ & $0.47^***$ & $0.5^***$ & $0.4^***$ & $0.43^***$ & $0.4^***$ & $0.47^***$ & $0.15^**$ & $0.37^***$ & $0.38^***$ & $0.34^***$ & $0.32^***$ & $0.18^**$ & $0.31^***$ \\ 
  auth.sa & $0.44^***$ & $0.39^***$ & $0.47^***$ & $1^***$ & $0.47^***$ & $0.52^***$ & $0.52^***$ & $0.53^***$ & $0.51^***$ & $0.15^**$ & $0.44^***$ & $0.52^***$ & $0.49^***$ & $0.38^***$ & $0.39^***$ & $0.28^***$ \\ 
  ili.champ & $0.33^***$ & $0.41^***$ & $0.5^***$ & $0.47^***$ & $1^***$ & $0.42^***$ & $0.59^***$ & $0.56^***$ & $0.51^***$ & $0.24^**$ & $0.55^***$ & $0.55^***$ & $0.41^***$ & $0.35^***$ & $0.4^***$ & $0.34^***$ \\ 
  ili.emb & $0.39^***$ & $0.33^***$ & $0.4^***$ & $0.52^***$ & $0.42^***$ & $1^***$ & $0.54^***$ & $0.49^***$ & $0.52^***$ & $0.16^**$ & $0.35^***$ & $0.58^***$ & $0.46^***$ & $0.21^**$ & $0.42^***$ & $0.46^***$ \\ 
  ili.ent & $0.47^***$ & $0.43^***$ & $0.43^***$ & $0.52^***$ & $0.59^***$ & $0.54^***$ & $1^***$ & $0.66^***$ & $0.58^***$ & $0.3^***$ & $0.56^***$ & $0.69^***$ & $0.5^***$ & $0.45^***$ & $0.4^***$ & $0.37^***$ \\ 
  ili.pro & $0.44^***$ & $0.5^***$ & $0.4^***$ & $0.53^***$ & $0.56^***$ & $0.49^***$ & $0.66^***$ & $1^***$ & $0.56^***$ & $0.26^***$ & $0.67^***$ & $0.62^***$ & $0.36^***$ & $0.32^***$ & $0.39^***$ & $0.49^***$ \\ 
  leadChal & $0.43^***$ & $0.48^***$ & $0.47^***$ & $0.51^***$ & $0.51^***$ & $0.52^***$ & $0.58^***$ & $0.56^***$ & $1^***$ & $0.44^***$ & $0.55^***$ & $0.52^***$ & $0.55^***$ & $0.3^***$ & $0.18^**$ & $0.5^***$ \\ 
  lnr & $0.12$ & $0.21^**$ & $0.15^**$ & $0.15^**$ & $0.24^**$ & $0.16^**$ & $0.3^***$ & $0.26^***$ & $0.44^***$ & $1^***$ & $0.34^***$ & $0.24^**$ & $0.14^**$ & $0.13^**$ & $0.06$ & $0.25^***$ \\ 
  tfl.id & $0.35^***$ & $0.45^***$ & $0.37^***$ & $0.44^***$ & $0.55^***$ & $0.35^***$ & $0.56^***$ & $0.67^***$ & $0.55^***$ & $0.34^***$ & $1^***$ & $0.49^***$ & $0.31^***$ & $0.32^***$ & $0.19^**$ & $0.43^***$ \\ 
  tfl.insp & $0.41^***$ & $0.36^***$ & $0.38^***$ & $0.52^***$ & $0.55^***$ & $0.58^***$ & $0.69^***$ & $0.62^***$ & $0.52^***$ & $0.24^**$ & $0.49^***$ & $1^***$ & $0.54^***$ & $0.51^***$ & $0.45^***$ & $0.45^***$ \\ 
  tfl.int & $0.35^***$ & $0.28^***$ & $0.34^***$ & $0.49^***$ & $0.41^***$ & $0.46^***$ & $0.5^***$ & $0.36^***$ & $0.55^***$ & $0.14^**$ & $0.31^***$ & $0.54^***$ & $1^***$ & $0.36^***$ & $0.29^***$ & $0.35^***$ \\ 
  tfl.pers & $0.36^***$ & $0.37^***$ & $0.32^***$ & $0.38^***$ & $0.35^***$ & $0.21^**$ & $0.45^***$ & $0.32^***$ & $0.3^***$ & $0.13^**$ & $0.32^***$ & $0.51^***$ & $0.36^***$ & $1^***$ & $0.35^***$ & $0.14^**$ \\ 
  tfl.sup & $0.41^***$ & $0.32^***$ & $0.18^**$ & $0.39^***$ & $0.4^***$ & $0.42^***$ & $0.4^***$ & $0.39^***$ & $0.18^**$ & $0.06$ & $0.19^**$ & $0.45^***$ & $0.29^***$ & $0.35^***$ & $1^***$ & $0.06$ \\ 
  tfl.vis & $0.22^**$ & $0.24^***$ & $0.31^***$ & $0.28^***$ & $0.34^***$ & $0.46^***$ & $0.37^***$ & $0.49^***$ & $0.5^***$ & $0.25^***$ & $0.43^***$ & $0.45^***$ & $0.35^***$ & $0.14^**$ & $0.06$ & $1^***$ \\ 
   \hline
\end{tabular}
\caption{lead.corr sp.18 $* p < 0.05; ** p < 0.01; *** p < 0.001$} 
\end{table}
