% latex table generated in R 3.4.3 by xtable 1.8-2 package
% Mon Jun 25 21:05:44 2018
\begin{table}[ht]
\centering
\begin{tabular}{rlllllll}
  \hline
 & brs & dis & leadChal & lnr & sc.hw & uh & uh.vmi \\ 
  \hline
brs & $1^***$ & $0.21^**$ & $0.12^**$ & $-0.14^**$ & $-0.21^**$ & $0.05$ & $0.02$ \\ 
  dis & $0.21^**$ & $1^***$ & $-0.23^**$ & $-0.31^***$ & $-0.35^***$ & $-0.24^**$ & $-0.28^***$ \\ 
  leadChal & $0.12^**$ & $-0.23^**$ & $1^***$ & $0.44^***$ & $0.32^***$ & $0.28^***$ & $0.26^***$ \\ 
  lnr & $-0.14^**$ & $-0.31^***$ & $0.44^***$ & $1^***$ & $0.54^***$ & $0.17^**$ & $0.22^**$ \\ 
  sc.hw & $-0.21^**$ & $-0.35^***$ & $0.32^***$ & $0.54^***$ & $1^***$ & $0.33^***$ & $0.34^***$ \\ 
  uh & $0.05$ & $-0.24^**$ & $0.28^***$ & $0.17^**$ & $0.33^***$ & $1^***$ & $0.74^***$ \\ 
  uh.vmi & $0.02$ & $-0.28^***$ & $0.26^***$ & $0.22^**$ & $0.34^***$ & $0.74^***$ & $1^***$ \\ 
   \hline
\end{tabular}
\caption{disscal.corr sp.18 $* p < 0.05; ** p < 0.01; *** p < 0.001$} 
\end{table}
