% latex table generated in R 3.4.3 by xtable 1.8-2 package
% Mon Jun 25 18:59:36 2018
\begin{table}[ht]
\centering
\begin{tabular}{rllllll}
  \hline
 & 1 & 2 & 3 & 4 & 5 & 6 \\ 
  \hline
1 & 1^*** & -0.276572993636678^*** & -0.22652115120017^** & -0.31051086743227^*** & -0.251872782985695^*** & -0.238706080692172^** \\ 
  2 & -0.276572993636678^*** & 1^*** & 0.2810059740711^*** & 0.391022805417697^*** & 0.446786613888233^*** & 0.375132467276383^*** \\ 
  3 & -0.22652115120017^** & 0.2810059740711^*** & 1^*** & 0.444932155925161^*** & 0.444859983233468^*** & 0.279619752162501^*** \\ 
  4 & -0.31051086743227^*** & 0.391022805417697^*** & 0.444932155925161^*** & 1^*** & 0.333924940809684^*** & 0.172148166757996^** \\ 
  5 & -0.251872782985695^*** & 0.446786613888233^*** & 0.444859983233468^*** & 0.333924940809684^*** & 1^*** & 0.400087984232534^*** \\ 
  6 & -0.238706080692172^** & 0.375132467276383^*** & 0.279619752162501^*** & 0.172148166757996^** & 0.400087984232534^*** & 1^*** \\ 
   \hline
\end{tabular}
\end{table}
