                dis       ffmq   leadChal        lnr         mt         uh
dis       1.0000000 -0.4067454 -0.3611930 -0.4372685 -0.3843463 -0.3723421
ffmq     -0.4067454  1.0000000  0.1401084  0.2592172  0.3211604  0.2417623
leadChal -0.3611930  0.1401084  1.0000000  0.3190830  0.3190022  0.1386332
lnr      -0.4372685  0.2592172  0.3190830  1.0000000  0.1968961  0.0261358
mt       -0.3843463  0.3211604  0.3190022  0.1968961  1.0000000  0.2692136
uh       -0.3723421  0.2417623  0.1386332  0.0261358  0.2692136  1.0000000
