                dis       ffmq   leadChal        lnr         mt         uh
dis       1.0000000 -0.2658317 -0.2200236 -0.2982132 -0.2427607 -0.2310281
ffmq     -0.2658317  1.0000000  0.2744308  0.3808169  0.4347935  0.3646779
leadChal -0.2200236  0.2744308  1.0000000  0.4300425  0.4327463  0.2755279
lnr      -0.2982132  0.3808169  0.4300425  1.0000000  0.3241767  0.1695687
mt       -0.2427607  0.4347935  0.4327463  0.3241767  1.0000000  0.3903065
uh       -0.2310281  0.3646779  0.2755279  0.1695687  0.3903065  1.0000000
