Estimating optimal shrinkage intensity lambda (correlation matrix): 0.0433 

            auth_bp  auth_imp   auth_rt   auth_sa ili_champ   ili_emb   ili_ent
auth_bp   1.0000000 0.3566073 0.5159473 0.6022776 0.2936263 0.1846160 0.3075778
auth_imp  0.3566073 1.0000000 0.4518919 0.3517156 0.3888622 0.1100435 0.3425970
auth_rt   0.5159473 0.4518919 1.0000000 0.5686564 0.3778670 0.2495510 0.3285267
auth_sa   0.6022776 0.3517156 0.5686564 1.0000000 0.3455027 0.3115814 0.3712231
ili_champ 0.2936263 0.3888622 0.3778670 0.3455027 1.0000000 0.4885203 0.5061837
ili_emb   0.1846160 0.1100435 0.2495510 0.3115814 0.4885203 1.0000000 0.5777688
ili_ent   0.3075778 0.3425970 0.3285267 0.3712231 0.5061837 0.5777688 1.0000000
ili_pro   0.2222587 0.2885211 0.2683118 0.3012203 0.5530102 0.4884998 0.6226954
ili       0.3049989 0.3427177 0.3708780 0.4033490 0.7599596 0.7625112 0.8067712
leadChal  0.2759959 0.2548722 0.3907431 0.3182355 0.3494275 0.3814283 0.3035855
tfl_id    0.2371856 0.5093903 0.3641795 0.2575101 0.4390339 0.2458813 0.3764925
tfl_insp  0.4169402 0.3747645 0.4315264 0.4062170 0.4854699 0.3697654 0.4645919
tfl_int   0.4123398 0.2169857 0.2722770 0.2947625 0.3160217 0.3445534 0.3513608
tfl_pers  0.2477088 0.3522228 0.3507578 0.2651968 0.4274561 0.2411530 0.3567055
tfl_sup   0.2953544 0.3370718 0.3130907 0.2272907 0.4063567 0.2877436 0.3883116
tfl_vis   0.3214574 0.4330447 0.3929683 0.3372478 0.4572469 0.3270008 0.3464412
            ili_pro       ili  leadChal    tfl_id  tfl_insp   tfl_int  tfl_pers
auth_bp   0.2222587 0.3049989 0.2759959 0.2371856 0.4169402 0.4123398 0.2477088
auth_imp  0.2885211 0.3427177 0.2548722 0.5093903 0.3747645 0.2169857 0.3522228
auth_rt   0.2683118 0.3708780 0.3907431 0.3641795 0.4315264 0.2722770 0.3507578
auth_sa   0.3012203 0.4033490 0.3182355 0.2575101 0.4062170 0.2947625 0.2651968
ili_champ 0.5530102 0.7599596 0.3494275 0.4390339 0.4854699 0.3160217 0.4274561
ili_emb   0.4884998 0.7625112 0.3814283 0.2458813 0.3697654 0.3445534 0.2411530
ili_ent   0.6226954 0.8067712 0.3035855 0.3764925 0.4645919 0.3513608 0.3567055
ili_pro   1.0000000 0.8091948 0.2838885 0.4260802 0.3878859 0.2280298 0.2680468
ili       0.8091948 1.0000000 0.4004156 0.4542737 0.5179844 0.3744787 0.3909669
leadChal  0.2838885 0.4004156 1.0000000 0.3460122 0.4028827 0.3510524 0.2482963
tfl_id    0.4260802 0.4542737 0.3460122 1.0000000 0.5128790 0.2969880 0.5142034
tfl_insp  0.3878859 0.5179844 0.4028827 0.5128790 1.0000000 0.5287217 0.6352270
tfl_int   0.2280298 0.3744787 0.3510524 0.2969880 0.5287217 1.0000000 0.3227889
tfl_pers  0.2680468 0.3909669 0.2482963 0.5142034 0.6352270 0.3227889 1.0000000
tfl_sup   0.3505240 0.4354594 0.2735713 0.3996369 0.4742041 0.2853992 0.5365513
tfl_vis   0.3876985 0.4627288 0.4291023 0.5008664 0.5950407 0.2683250 0.5894647
            tfl_sup   tfl_vis
auth_bp   0.2953544 0.3214574
auth_imp  0.3370718 0.4330447
auth_rt   0.3130907 0.3929683
auth_sa   0.2272907 0.3372478
ili_champ 0.4063567 0.4572469
ili_emb   0.2877436 0.3270008
ili_ent   0.3883116 0.3464412
ili_pro   0.3505240 0.3876985
ili       0.4354594 0.4627288
leadChal  0.2735713 0.4291023
tfl_id    0.3996369 0.5008664
tfl_insp  0.4742041 0.5950407
tfl_int   0.2853992 0.2683250
tfl_pers  0.5365513 0.5894647
tfl_sup   1.0000000 0.4299022
tfl_vis   0.4299022 1.0000000
attr(,"lambda")
[1] 0.04329585
attr(,"lambda.estimated")
[1] TRUE
attr(,"class")
[1] "shrinkage"
