Estimating optimal shrinkage intensity lambda (correlation matrix): 0.034 

            auth_bp  auth_imp   auth_rt   auth_sa ili_champ   ili_emb   ili_ent
auth_bp   1.0000000 0.2880240 0.3881494 0.4240881 0.3154141 0.3770125 0.4557813
auth_imp  0.2880240 1.0000000 0.3784700 0.3739253 0.3939838 0.3166750 0.4141060
auth_rt   0.3881494 0.3784700 1.0000000 0.4547723 0.4870028 0.3885717 0.4113800
auth_sa   0.4240881 0.3739253 0.4547723 1.0000000 0.4492605 0.5067911 0.4997420
ili_champ 0.3154141 0.3939838 0.4870028 0.4492605 1.0000000 0.4031435 0.5689970
ili_emb   0.3770125 0.3166750 0.3885717 0.5067911 0.4031435 1.0000000 0.5244248
ili_ent   0.4557813 0.4141060 0.4113800 0.4997420 0.5689970 0.5244248 1.0000000
ili_pro   0.4241383 0.4803591 0.3836792 0.5164944 0.5364793 0.4769617 0.6334721
ili       0.4861069 0.4970304 0.5123017 0.6103817 0.7509581 0.7378152 0.8214627
leadChal  0.4142384 0.4613318 0.4534284 0.4962231 0.4880646 0.5063658 0.5569039
tfl_id    0.3345321 0.4379846 0.3617004 0.4236496 0.5300389 0.3414791 0.5369490
tfl_insp  0.3947185 0.3513570 0.3624633 0.5030131 0.5314149 0.5566560 0.6644924
tfl_int   0.3391646 0.2708965 0.3321864 0.4716760 0.3974792 0.4483940 0.4826781
tfl_pers  0.3469655 0.3564237 0.3105573 0.3704571 0.3356638 0.2066293 0.4366693
tfl_sup   0.3936724 0.3097721 0.1700268 0.3742840 0.3868280 0.4071499 0.3907300
tfl_vis   0.2095499 0.2359391 0.3033970 0.2701758 0.3241527 0.4440679 0.3574626
            ili_pro       ili  leadChal    tfl_id  tfl_insp   tfl_int  tfl_pers
auth_bp   0.4241383 0.4861069 0.4142384 0.3345321 0.3947185 0.3391646 0.3469655
auth_imp  0.4803591 0.4970304 0.4613318 0.4379846 0.3513570 0.2708965 0.3564237
auth_rt   0.3836792 0.5123017 0.4534284 0.3617004 0.3624633 0.3321864 0.3105573
auth_sa   0.5164944 0.6103817 0.4962231 0.4236496 0.5030131 0.4716760 0.3704571
ili_champ 0.5364793 0.7509581 0.4880646 0.5300389 0.5314149 0.3974792 0.3356638
ili_emb   0.4769617 0.7378152 0.5063658 0.3414791 0.5566560 0.4483940 0.2066293
ili_ent   0.6334721 0.8214627 0.5569039 0.5369490 0.6644924 0.4826781 0.4366693
ili_pro   1.0000000 0.8193729 0.5424285 0.6428489 0.6037286 0.3501971 0.3091445
ili       0.8193729 1.0000000 0.6463433 0.6347015 0.7262966 0.5142845 0.3918760
leadChal  0.5424285 0.6463433 1.0000000 0.5267707 0.5029659 0.5283035 0.2888817
tfl_id    0.6428489 0.6347015 0.5267707 1.0000000 0.4775542 0.3001739 0.3090488
tfl_insp  0.6037286 0.7262966 0.5029659 0.4775542 1.0000000 0.5257616 0.4915993
tfl_int   0.3501971 0.5142845 0.5283035 0.3001739 0.5257616 1.0000000 0.3456637
tfl_pers  0.3091445 0.3918760 0.2888817 0.3090488 0.4915993 0.3456637 1.0000000
tfl_sup   0.3755074 0.4810478 0.1739457 0.1819059 0.4351568 0.2774746 0.3371622
tfl_vis   0.4751528 0.5003198 0.4872679 0.4180691 0.4339269 0.3407196 0.1339568
             tfl_sup    tfl_vis
auth_bp   0.39367238 0.20954995
auth_imp  0.30977214 0.23593906
auth_rt   0.17002682 0.30339700
auth_sa   0.37428398 0.27017579
ili_champ 0.38682796 0.32415271
ili_emb   0.40714989 0.44406791
ili_ent   0.39073000 0.35746261
ili_pro   0.37550744 0.47515283
ili       0.48104782 0.50031979
leadChal  0.17394565 0.48726792
tfl_id    0.18190594 0.41806913
tfl_insp  0.43515681 0.43392688
tfl_int   0.27747463 0.34071962
tfl_pers  0.33716224 0.13395675
tfl_sup   1.00000000 0.05630922
tfl_vis   0.05630922 1.00000000
attr(,"lambda")
[1] 0.03397769
attr(,"lambda.estimated")
[1] TRUE
attr(,"class")
[1] "shrinkage"
