Estimating optimal shrinkage intensity lambda (correlation matrix): 0.0499 

            auth_bp  auth_imp   auth_rt   auth_sa ili_champ   ili_emb   ili_ent
auth_bp   1.0000000 0.5610841 0.6674723 0.6739217 0.3049065 0.2371102 0.2796770
auth_imp  0.5610841 1.0000000 0.6114709 0.6472468 0.4268836 0.2030840 0.2846020
auth_rt   0.6674723 0.6114709 1.0000000 0.7586930 0.3577083 0.2274756 0.3144288
auth_sa   0.6739217 0.6472468 0.7586930 1.0000000 0.3733051 0.2552725 0.3265632
ili_champ 0.3049065 0.4268836 0.3577083 0.3733051 1.0000000 0.5747492 0.7298277
ili_emb   0.2371102 0.2030840 0.2274756 0.2552725 0.5747492 1.0000000 0.6571716
ili_ent   0.2796770 0.2846020 0.3144288 0.3265632 0.7298277 0.6571716 1.0000000
ili_pro   0.3118673 0.4185212 0.3344461 0.3680580 0.7268043 0.5664417 0.7118528
ili       0.3231413 0.3809031 0.3518176 0.3773442 0.8463082 0.7761203 0.8689676
leadChal  0.3296814 0.4354954 0.3586486 0.3659035 0.4169356 0.3479836 0.3122135
tfl_id    0.4044599 0.5406085 0.3741611 0.4372293 0.3528415 0.2589312 0.3656491
tfl_insp  0.5153693 0.4484647 0.4590626 0.4631395 0.3457853 0.3686443 0.4168798
tfl_int   0.4484403 0.3989923 0.4147851 0.3954297 0.3478405 0.3896155 0.3749332
tfl_pers  0.4257718 0.5117021 0.3348284 0.4269485 0.2982367 0.2310661 0.2956910
tfl_sup   0.4992273 0.4560107 0.4267313 0.5424360 0.2131941 0.1276919 0.2523617
tfl_vis   0.4393691 0.5387087 0.5267479 0.4796602 0.4127800 0.2930234 0.3662227
            ili_pro       ili  leadChal    tfl_id  tfl_insp   tfl_int  tfl_pers
auth_bp   0.3118673 0.3231413 0.3296814 0.4044599 0.5153693 0.4484403 0.4257718
auth_imp  0.4185212 0.3809031 0.4354954 0.5406085 0.4484647 0.3989923 0.5117021
auth_rt   0.3344461 0.3518176 0.3586486 0.3741611 0.4590626 0.4147851 0.3348284
auth_sa   0.3680580 0.3773442 0.3659035 0.4372293 0.4631395 0.3954297 0.4269485
ili_champ 0.7268043 0.8463082 0.4169356 0.3528415 0.3457853 0.3478405 0.2982367
ili_emb   0.5664417 0.7761203 0.3479836 0.2589312 0.3686443 0.3896155 0.2310661
ili_ent   0.7118528 0.8689676 0.3122135 0.3656491 0.4168798 0.3749332 0.2956910
ili_pro   1.0000000 0.8471069 0.3944640 0.4689880 0.4193161 0.3893833 0.3526248
ili       0.8471069 1.0000000 0.4179729 0.4151449 0.4425606 0.4273520 0.3368749
leadChal  0.3944640 0.4179729 1.0000000 0.4907122 0.5530260 0.4727179 0.4599496
tfl_id    0.4689880 0.4151449 0.4907122 1.0000000 0.6689322 0.5656833 0.6914580
tfl_insp  0.4193161 0.4425606 0.5530260 0.6689322 1.0000000 0.7557132 0.6373704
tfl_int   0.3893833 0.4273520 0.4727179 0.5656833 0.7557132 1.0000000 0.5514303
tfl_pers  0.3526248 0.3368749 0.4599496 0.6914580 0.6373704 0.5514303 1.0000000
tfl_sup   0.2611372 0.2454540 0.3168545 0.5327744 0.5581477 0.4503703 0.5909004
tfl_vis   0.4255245 0.4273226 0.4940196 0.6657452 0.6222785 0.5233485 0.5625312
            tfl_sup   tfl_vis
auth_bp   0.4992273 0.4393691
auth_imp  0.4560107 0.5387087
auth_rt   0.4267313 0.5267479
auth_sa   0.5424360 0.4796602
ili_champ 0.2131941 0.4127800
ili_emb   0.1276919 0.2930234
ili_ent   0.2523617 0.3662227
ili_pro   0.2611372 0.4255245
ili       0.2454540 0.4273226
leadChal  0.3168545 0.4940196
tfl_id    0.5327744 0.6657452
tfl_insp  0.5581477 0.6222785
tfl_int   0.4503703 0.5233485
tfl_pers  0.5909004 0.5625312
tfl_sup   1.0000000 0.4166106
tfl_vis   0.4166106 1.0000000
attr(,"lambda")
[1] 0.04988942
attr(,"lambda.estimated")
[1] TRUE
attr(,"class")
[1] "shrinkage"
