                dis       ffmq   leadChal        lnr         mt         uh
dis       1.0000000 -0.2723367 -0.2220906 -0.3019859 -0.2454334 -0.2306527
ffmq     -0.2723367  1.0000000  0.2752006  0.3831834  0.4370937  0.3678293
leadChal -0.2220906  0.2752006  1.0000000  0.4336456  0.4353197  0.2741846
lnr      -0.3019859  0.3831834  0.4336456  1.0000000  0.3273924  0.1681288
mt       -0.2454334  0.4370937  0.4353197  0.3273924  1.0000000  0.3908908
uh       -0.2306527  0.3678293  0.2741846  0.1681288  0.3908908  1.0000000
