           [,1]       [,2]       [,3]       [,4]       [,5]       [,6]
[1,]  1.0000000 -0.2677158 -0.2182763 -0.3020346 -0.2422543 -0.2310498
[2,] -0.2677158  1.0000000  0.2749422  0.3802466  0.4383898  0.3651407
[3,] -0.2182763  0.2749422  1.0000000  0.4335272  0.4339922  0.2726398
[4,] -0.3020346  0.3802466  0.4335272  1.0000000  0.3282217  0.1675471
[5,] -0.2422543  0.4383898  0.4339922  0.3282217  1.0000000  0.3878734
[6,] -0.2310498  0.3651407  0.2726398  0.1675471  0.3878734  1.0000000
