            auth_bp  auth_imp   auth_rt   auth_sa ili_champ   ili_emb   ili_ent
auth_bp   1.0000000 0.4113001 0.5592949 0.6304796 0.3531230 0.2596994 0.3705342
auth_imp  0.4113001 1.0000000 0.4955456 0.4064850 0.4564819 0.2029865 0.4093029
auth_rt   0.5592949 0.4955456 1.0000000 0.6024615 0.4272281 0.3148018 0.3866584
auth_sa   0.6304796 0.4064850 0.6024615 1.0000000 0.4012841 0.3781982 0.4378873
ili_champ 0.3531230 0.4564819 0.4272281 0.4012841 1.0000000 0.5335384 0.5469827
ili_emb   0.2596994 0.2029865 0.3148018 0.3781982 0.5335384 1.0000000 0.6154710
ili_ent   0.3705342 0.4093029 0.3866584 0.4378873 0.5469827 0.6154710 1.0000000
ili_pro   0.2886072 0.3553483 0.3367695 0.3776867 0.5916706 0.5360478 0.6665903
leadChal  0.3425331 0.3235934 0.4409047 0.3746533 0.3976917 0.4330693 0.3605871
tfl_id    0.3121069 0.5535843 0.4246275 0.3292859 0.4890140 0.3194595 0.4294098
tfl_insp  0.4676415 0.4340654 0.4829929 0.4677204 0.5300386 0.4252351 0.5230689
tfl_int   0.4701046 0.2985932 0.3439562 0.3606132 0.3787353 0.3965892 0.4127068
tfl_pers  0.3227692 0.4166729 0.4028202 0.3376694 0.4913140 0.3211259 0.4244776
tfl_sup   0.3545135 0.3985451 0.3679309 0.2978065 0.4655589 0.3510401 0.4496004
tfl_vis   0.3896963 0.4809965 0.4457263 0.4008227 0.5107891 0.3975282 0.4112467
            ili_pro  leadChal    tfl_id  tfl_insp   tfl_int  tfl_pers   tfl_sup
auth_bp   0.2886072 0.3425331 0.3121069 0.4676415 0.4701046 0.3227692 0.3545135
auth_imp  0.3553483 0.3235934 0.5535843 0.4340654 0.2985932 0.4166729 0.3985451
auth_rt   0.3367695 0.4409047 0.4246275 0.4829929 0.3439562 0.4028202 0.3679309
auth_sa   0.3776867 0.3746533 0.3292859 0.4677204 0.3606132 0.3376694 0.2978065
ili_champ 0.5916706 0.3976917 0.4890140 0.5300386 0.3787353 0.4913140 0.4655589
ili_emb   0.5360478 0.4330693 0.3194595 0.4252351 0.3965892 0.3211259 0.3510401
ili_ent   0.6665903 0.3605871 0.4294098 0.5230689 0.4127068 0.4244776 0.4496004
ili_pro   1.0000000 0.3446249 0.4847084 0.4399118 0.3009406 0.3470586 0.4071435
leadChal  0.3446249 1.0000000 0.4016982 0.4570409 0.4033472 0.3184583 0.3344707
tfl_id    0.4847084 0.4016982 1.0000000 0.5632332 0.3730099 0.5560992 0.4538932
tfl_insp  0.4399118 0.4570409 0.5632332 1.0000000 0.5631195 0.6725806 0.5184577
tfl_int   0.3009406 0.4033472 0.3730099 0.5631195 1.0000000 0.3817053 0.3530011
tfl_pers  0.3470586 0.3184583 0.5560992 0.6725806 0.3817053 1.0000000 0.5893960
tfl_sup   0.4071435 0.3344707 0.4538932 0.5184577 0.3530011 0.5893960 1.0000000
tfl_vis   0.4510444 0.4792989 0.5456665 0.6437746 0.3375094 0.6363275 0.4896304
            tfl_vis
auth_bp   0.3896963
auth_imp  0.4809965
auth_rt   0.4457263
auth_sa   0.4008227
ili_champ 0.5107891
ili_emb   0.3975282
ili_ent   0.4112467
ili_pro   0.4510444
leadChal  0.4792989
tfl_id    0.5456665
tfl_insp  0.6437746
tfl_int   0.3375094
tfl_pers  0.6363275
tfl_sup   0.4896304
tfl_vis   1.0000000
