                dis       ffmq   leadChal        lnr         mt         uh
dis       1.0000000 -0.2765730 -0.2265212 -0.3105109 -0.2518728 -0.2387061
ffmq     -0.2765730  1.0000000  0.2810060  0.3910228  0.4467866  0.3751325
leadChal -0.2265212  0.2810060  1.0000000  0.4449322  0.4448600  0.2796198
lnr      -0.3105109  0.3910228  0.4449322  1.0000000  0.3339249  0.1721482
mt       -0.2518728  0.4467866  0.4448600  0.3339249  1.0000000  0.4000880
uh       -0.2387061  0.3751325  0.2796198  0.1721482  0.4000880  1.0000000
