                brs        dis   leadChal        lnr      sc.hw         uh
brs       1.0000000 -0.3794195  0.3220448  0.3487709  0.3827356  0.4012116
dis      -0.3794195  1.0000000 -0.2222811 -0.3037324 -0.3462810 -0.2370149
leadChal  0.3220448 -0.2222811  1.0000000  0.4333279  0.3075722  0.2752173
lnr       0.3487709 -0.3037324  0.4333279  1.0000000  0.5215103  0.1701216
sc.hw     0.3827356 -0.3462810  0.3075722  0.5215103  1.0000000  0.3216885
uh        0.4012116 -0.2370149  0.2752173  0.1701216  0.3216885  1.0000000
uh.vmi    0.3691879 -0.2747897  0.2580037  0.2123813  0.3299185  0.7304185
             uh.vmi
brs       0.3691879
dis      -0.2747897
leadChal  0.2580037
lnr       0.2123813
sc.hw     0.3299185
uh        0.7304185
uh.vmi    1.0000000
