                brs        dis   leadChal      sc.hw         uh     uh.vmi
brs       1.0000000 -0.4873063  0.3711426  0.4061158  0.2889658  0.4067103
dis      -0.4873063  1.0000000 -0.3109531 -0.1843501 -0.3026477 -0.3885918
leadChal  0.3711426 -0.3109531  1.0000000  0.1860456  0.2094963  0.4201556
sc.hw     0.4061158 -0.1843501  0.1860456  1.0000000  0.1963278  0.2131728
uh        0.2889658 -0.3026477  0.2094963  0.1963278  1.0000000  0.3868603
uh.vmi    0.4067103 -0.3885918  0.4201556  0.2131728  0.3868603  1.0000000
