            [,1]        [,2]        [,3]        [,4]        [,5]        [,6]
[1,]  1.00000000  0.30096523  0.07650145 -0.01780959  0.08566585 -0.09290265
[2,]  0.30096523  1.00000000 -0.18957829 -0.09294656 -0.12591887 -0.11396842
[3,]  0.07650145 -0.18957829  1.00000000  0.34707647  0.36412252  0.47752617
[4,] -0.01780959 -0.09294656  0.34707647  1.00000000  0.41688318  0.34165895
[5,]  0.08566585 -0.12591887  0.36412252  0.41688318  1.00000000  0.57973182
[6,] -0.09290265 -0.11396842  0.47752617  0.34165895  0.57973182  1.00000000
