           [,1]       [,2]       [,3]       [,4]       [,5]       [,6]
[1,]  1.0000000 -0.5280945  0.2408894  0.1757322  0.3177810  0.2616156
[2,] -0.5280945  1.0000000 -0.4757385 -0.3680050 -0.4001584 -0.3918214
[3,]  0.2408894 -0.4757385  1.0000000  0.1466429  0.1582160  0.2970613
[4,]  0.1757322 -0.3680050  0.1466429  1.0000000  0.2241160  0.1340311
[5,]  0.3177810 -0.4001584  0.1582160  0.2241160  1.0000000  0.4110909
[6,]  0.2616156 -0.3918214  0.2970613  0.1340311  0.4110909  1.0000000
