          [,1]      [,2]      [,3]      [,4]      [,5]      [,6]
[1,] 1.0000000 0.8627582 0.9661952 0.9588502 0.9718676 0.9267372
[2,] 0.8627582 1.0000000 0.7667234 0.7922144 0.8517401 0.5856149
[3,] 0.9661952 0.7667234 1.0000000 0.9577119 0.9635562 0.9289747
[4,] 0.9588502 0.7922144 0.9577119 1.0000000 0.9646630 0.9231565
[5,] 0.9718676 0.8517401 0.9635562 0.9646630 1.0000000 0.9439283
[6,] 0.9267372 0.5856149 0.9289747 0.9231565 0.9439283 1.0000000
