                brs        dis   leadChal      sc.hw         uh     uh.vmi
brs       1.0000000 -0.6567637  0.2869571  0.2195189  0.3817162  0.3201770
dis      -0.6567637  1.0000000 -0.5572719 -0.4276166 -0.4726833 -0.4580844
leadChal  0.2869571 -0.5572719  1.0000000  0.1906848  0.2037178  0.3575999
sc.hw     0.2195189 -0.4276166  0.1906848  1.0000000  0.2720196  0.1720370
uh        0.3817162 -0.4726833  0.2037178  0.2720196  1.0000000  0.4707816
uh.vmi    0.3201770 -0.4580844  0.3575999  0.1720370  0.4707816  1.0000000
