                brs        dis   leadChal      sc.hw         uh     uh.vmi
brs       1.0000000 -0.4851461  0.3722756  0.4055318  0.2930999  0.4090315
dis      -0.4851461  1.0000000 -0.3116288 -0.1817385 -0.3009226 -0.3885842
leadChal  0.3722756 -0.3116288  1.0000000  0.1849324  0.2137389  0.4235118
sc.hw     0.4055318 -0.1817385  0.1849324  1.0000000  0.2014531  0.2124674
uh        0.2930999 -0.3009226  0.2137389  0.2014531  1.0000000  0.3841906
uh.vmi    0.4090315 -0.3885842  0.4235118  0.2124674  0.3841906  1.0000000
