                brs        dis   leadChal        lnr      sc.hw         uh
brs       1.0000000 -0.3779612  0.3169066  0.3459618  0.3841269  0.3980989
dis      -0.3779612  1.0000000 -0.2201440 -0.3014842 -0.3467372 -0.2322237
leadChal  0.3169066 -0.2201440  1.0000000  0.4293412  0.3060655  0.2722154
lnr       0.3459618 -0.3014842  0.4293412  1.0000000  0.5226635  0.1676497
sc.hw     0.3841269 -0.3467372  0.3060655  0.5226635  1.0000000  0.3208322
uh        0.3980989 -0.2322237  0.2722154  0.1676497  0.3208322  1.0000000
uh.vmi    0.3715998 -0.2725785  0.2577537  0.2119742  0.3314421  0.7291720
             uh.vmi
brs       0.3715998
dis      -0.2725785
leadChal  0.2577537
lnr       0.2119742
sc.hw     0.3314421
uh        0.7291720
uh.vmi    1.0000000
