                brs        dis   leadChal      sc.hw         uh     uh.vmi
brs       1.0000000  0.1242083 -0.1793259 -0.3118599 -0.1660460 -0.4136644
dis       0.1242083  1.0000000 -0.5864083 -0.4280573 -0.4885027 -0.4724188
leadChal -0.1793259 -0.5864083  1.0000000  0.1976760  0.2089454  0.3492737
sc.hw    -0.3118599 -0.4280573  0.1976760  1.0000000  0.2736275  0.1835794
uh       -0.1660460 -0.4885027  0.2089454  0.2736275  1.0000000  0.4712082
uh.vmi   -0.4136644 -0.4724188  0.3492737  0.1835794  0.4712082  1.0000000
