                brs        dis   leadChal        lnr      sc.hw         uh
brs       1.0000000 -0.3795660  0.3202183  0.3489846  0.3816001  0.3995790
dis      -0.3795660  1.0000000 -0.2184406 -0.3007165 -0.3435107 -0.2324084
leadChal  0.3202183 -0.2184406  1.0000000  0.4309308  0.3083386  0.2746413
lnr       0.3489846 -0.3007165  0.4309308  1.0000000  0.5218842  0.1688067
sc.hw     0.3816001 -0.3435107  0.3083386  0.5218842  1.0000000  0.3212033
uh        0.3995790 -0.2324084  0.2746413  0.1688067  0.3212033  1.0000000
uh.vmi    0.3713305 -0.2736010  0.2578513  0.2127444  0.3298741  0.7301955
             uh.vmi
brs       0.3713305
dis      -0.2736010
leadChal  0.2578513
lnr       0.2127444
sc.hw     0.3298741
uh        0.7301955
uh.vmi    1.0000000
