                brs        dis   leadChal      sc.hw         uh     uh.vmi
brs       1.0000000 -0.4110448  0.3670691  0.3055100  0.4401379  0.3908508
dis      -0.4110448  1.0000000 -0.3468166 -0.2346791 -0.2737466 -0.2592933
leadChal  0.3670691 -0.3468166  1.0000000  0.2813237  0.2907065  0.4177945
sc.hw     0.3055100 -0.2346791  0.2813237  1.0000000  0.3535442  0.2729524
uh        0.4401379 -0.2737466  0.2907065  0.3535442  1.0000000  0.5221772
uh.vmi    0.3908508 -0.2592933  0.4177945  0.2729524  0.5221772  1.0000000
