                brs        dis   leadChal      sc.hw         uh     uh.vmi
brs       1.0000000 -0.4139790  0.3683016  0.3066857  0.4420782  0.3924816
dis      -0.4139790  1.0000000 -0.3483055 -0.2361272 -0.2763074 -0.2604116
leadChal  0.3683016 -0.3483055  1.0000000  0.2849048  0.2943307  0.4206344
sc.hw     0.3066857 -0.2361272  0.2849048  1.0000000  0.3562077  0.2741179
uh        0.4420782 -0.2763074  0.2943307  0.3562077  1.0000000  0.5263099
uh.vmi    0.3924816 -0.2604116  0.4206344  0.2741179  0.5263099  1.0000000
