           [,1]       [,2]       [,3]       [,4]       [,5]       [,6]
[1,]  1.0000000  0.1320811 -0.1846051 -0.3212987 -0.1597853 -0.4174987
[2,]  0.1320811  1.0000000 -0.5889820 -0.4414102 -0.4992611 -0.4725313
[3,] -0.1846051 -0.5889820  1.0000000  0.2019878  0.2161042  0.3608588
[4,] -0.3212987 -0.4414102  0.2019878  1.0000000  0.2760453  0.1846297
[5,] -0.1597853 -0.4992611  0.2161042  0.2760453  1.0000000  0.4646301
[6,] -0.4174987 -0.4725313  0.3608588  0.1846297  0.4646301  1.0000000
