                brs        dis   leadChal      sc.hw         uh     uh.vmi
brs       1.0000000 -0.6643385  0.2945018  0.2251457  0.3821450  0.3240723
dis      -0.6643385  1.0000000 -0.5734943 -0.4323273 -0.4986467 -0.4751289
leadChal  0.2945018 -0.5734943  1.0000000  0.1927185  0.2093137  0.3512310
sc.hw     0.2251457 -0.4323273  0.1927185  1.0000000  0.2827679  0.1780268
uh        0.3821450 -0.4986467  0.2093137  0.2827679  1.0000000  0.4773841
uh.vmi    0.3240723 -0.4751289  0.3512310  0.1780268  0.4773841  1.0000000
