                brs        dis   leadChal        lnr      sc.hw         uh
brs       1.0000000 -0.3770608  0.3198011  0.3493119  0.3859879  0.4008136
dis      -0.3770608  1.0000000 -0.2222684 -0.3028331 -0.3457929 -0.2326710
leadChal  0.3198011 -0.2222684  1.0000000  0.4318874  0.3073046  0.2754125
lnr       0.3493119 -0.3028331  0.4318874  1.0000000  0.5257614  0.1719491
sc.hw     0.3859879 -0.3457929  0.3073046  0.5257614  1.0000000  0.3194825
uh        0.4008136 -0.2326710  0.2754125  0.1719491  0.3194825  1.0000000
uh.vmi    0.3706381 -0.2746054  0.2582283  0.2144070  0.3297241  0.7306728
             uh.vmi
brs       0.3706381
dis      -0.2746054
leadChal  0.2582283
lnr       0.2144070
sc.hw     0.3297241
uh        0.7306728
uh.vmi    1.0000000
