                brs        dis   leadChal      sc.hw         uh     uh.vmi
brs       1.0000000 -0.4828700  0.3682254  0.4010182  0.2875165  0.4039282
dis      -0.4828700  1.0000000 -0.3099372 -0.1818491 -0.2998050 -0.3875485
leadChal  0.3682254 -0.3099372  1.0000000  0.1826729  0.2080495  0.4184505
sc.hw     0.4010182 -0.1818491  0.1826729  1.0000000  0.1975036  0.2088995
uh        0.2875165 -0.2998050  0.2080495  0.1975036  1.0000000  0.3847647
uh.vmi    0.4039282 -0.3875485  0.4184505  0.2088995  0.3847647  1.0000000
