                brs        dis   leadChal      sc.hw         uh     uh.vmi
brs       1.0000000  0.1213634 -0.1812961 -0.3255715 -0.1669906 -0.4156464
dis       0.1213634  1.0000000 -0.5645490 -0.4427966 -0.4898622 -0.4587837
leadChal -0.1812961 -0.5645490  1.0000000  0.1995388  0.1983274  0.3346165
sc.hw    -0.3255715 -0.4427966  0.1995388  1.0000000  0.2931993  0.1908496
uh       -0.1669906 -0.4898622  0.1983274  0.2931993  1.0000000  0.4681865
uh.vmi   -0.4156464 -0.4587837  0.3346165  0.1908496  0.4681865  1.0000000
