            auth_bp  auth_imp   auth_rt   auth_sa ili_champ   ili_emb   ili_ent
auth_bp   1.0000000 0.3478383 0.4382865 0.4585319 0.3756553 0.4222733 0.5091895
auth_imp  0.3478383 1.0000000 0.4223777 0.4262824 0.4426180 0.3807256 0.4570592
auth_rt   0.4382865 0.4223777 1.0000000 0.5012658 0.5160244 0.4443287 0.4575038
auth_sa   0.4585319 0.4262824 0.5012658 1.0000000 0.4943362 0.5412795 0.5520852
ili_champ 0.3756553 0.4426180 0.5160244 0.4943362 1.0000000 0.4511729 0.6057915
ili_emb   0.4222733 0.3807256 0.4443287 0.5412795 0.4511729 1.0000000 0.5723220
ili_ent   0.5091895 0.4570592 0.4575038 0.5520852 0.6057915 0.5723220 1.0000000
ili_pro   0.4791649 0.5180954 0.4259640 0.5633217 0.5737227 0.5196613 0.6649127
leadChal  0.4689799 0.5108199 0.4916128 0.5398341 0.5288015 0.5406923 0.6002449
lnr       0.2011345 0.2717944 0.2146377 0.2304604 0.2988060 0.2336944 0.3586489
tfl_id    0.3926324 0.4867465 0.4113937 0.4709820 0.5674789 0.3977884 0.5780674
tfl_insp  0.4470811 0.4139767 0.4226159 0.5454182 0.5679294 0.6045757 0.6883114
tfl_int   0.3950698 0.3247509 0.3903860 0.5161228 0.4476140 0.4894111 0.5195041
tfl_pers  0.3991508 0.3921307 0.3727232 0.4199720 0.3833658 0.2867714 0.4775375
tfl_sup   0.4460547 0.3772442 0.2521210 0.4296972 0.4409261 0.4612685 0.4457876
tfl_vis   0.2829227 0.2982783 0.3686744 0.3353054 0.3794539 0.4923356 0.4174328
            ili_pro  leadChal       lnr    tfl_id  tfl_insp   tfl_int  tfl_pers
auth_bp   0.4791649 0.4689799 0.2011345 0.3926324 0.4470811 0.3950698 0.3991508
auth_imp  0.5180954 0.5108199 0.2717944 0.4867465 0.4139767 0.3247509 0.3921307
auth_rt   0.4259640 0.4916128 0.2146377 0.4113937 0.4226159 0.3903860 0.3727232
auth_sa   0.5633217 0.5398341 0.2304604 0.4709820 0.5454182 0.5161228 0.4199720
ili_champ 0.5737227 0.5288015 0.2988060 0.5674789 0.5679294 0.4476140 0.3833658
ili_emb   0.5196613 0.5406923 0.2336944 0.3977884 0.6045757 0.4894111 0.2867714
ili_ent   0.6649127 0.6002449 0.3586489 0.5780674 0.6883114 0.5195041 0.4775375
ili_pro   1.0000000 0.5863808 0.3141814 0.6774895 0.6390504 0.4082043 0.3645906
leadChal  0.5863808 1.0000000 0.4813553 0.5684401 0.5498223 0.5635885 0.3647265
lnr       0.3141814 0.4813553 1.0000000 0.3765631 0.3050275 0.2212189 0.2164484
tfl_id    0.6774895 0.5684401 0.3765631 1.0000000 0.5182740 0.3638241 0.3661416
tfl_insp  0.6390504 0.5498223 0.3050275 0.5182740 1.0000000 0.5638413 0.5316053
tfl_int   0.4082043 0.5635885 0.2212189 0.3638241 0.5638413 1.0000000 0.3989898
tfl_pers  0.3645906 0.3647265 0.2164484 0.3661416 0.5316053 0.3989898 1.0000000
tfl_sup   0.4277744 0.2538330 0.1573578 0.2698561 0.4854727 0.3437122 0.3901393
tfl_vis   0.5191367 0.5296056 0.3031698 0.4622354 0.4871209 0.4002960 0.2110790
            tfl_sup   tfl_vis
auth_bp   0.4460547 0.2829227
auth_imp  0.3772442 0.2982783
auth_rt   0.2521210 0.3686744
auth_sa   0.4296972 0.3353054
ili_champ 0.4409261 0.3794539
ili_emb   0.4612685 0.4923356
ili_ent   0.4457876 0.4174328
ili_pro   0.4277744 0.5191367
leadChal  0.2538330 0.5296056
lnr       0.1573578 0.3031698
tfl_id    0.2698561 0.4622354
tfl_insp  0.4854727 0.4871209
tfl_int   0.3437122 0.4002960
tfl_pers  0.3901393 0.2110790
tfl_sup   1.0000000 0.1530069
tfl_vis   0.1530069 1.0000000
