                brs        dis   leadChal      sc.hw         uh     uh.vmi
brs       1.0000000 -0.4848617  0.3721955  0.4073217  0.2881571  0.4062767
dis      -0.4848617  1.0000000 -0.3124959 -0.1893406 -0.3011729 -0.3884159
leadChal  0.3721955 -0.3124959  1.0000000  0.1870992  0.2091762  0.4216711
sc.hw     0.4073217 -0.1893406  0.1870992  1.0000000  0.2008705  0.2122882
uh        0.2881571 -0.3011729  0.2091762  0.2008705  1.0000000  0.3869270
uh.vmi    0.4062767 -0.3884159  0.4216711  0.2122882  0.3869270  1.0000000
