                brs        dis   leadChal      sc.hw         uh     uh.vmi
brs       1.0000000 -0.4153547  0.3712730  0.3061672  0.4401212  0.3912352
dis      -0.4153547  1.0000000 -0.3467722 -0.2325677 -0.2757512 -0.2585911
leadChal  0.3712730 -0.3467722  1.0000000  0.2854805  0.2957823  0.4215954
sc.hw     0.3061672 -0.2325677  0.2854805  1.0000000  0.3543770  0.2713172
uh        0.4401212 -0.2757512  0.2957823  0.3543770  1.0000000  0.5233790
uh.vmi    0.3912352 -0.2585911  0.4215954  0.2713172  0.5233790  1.0000000
