                brs        dis   leadChal      sc.hw         uh     uh.vmi
brs       1.0000000 -0.6767247  0.2951380  0.2258692  0.3655448  0.3073764
dis      -0.6767247  1.0000000 -0.5788656 -0.4268822 -0.5016317 -0.4791671
leadChal  0.2951380 -0.5788656  1.0000000  0.1926741  0.2067535  0.3547117
sc.hw     0.2258692 -0.4268822  0.1926741  1.0000000  0.2729392  0.1765740
uh        0.3655448 -0.5016317  0.2067535  0.2729392  1.0000000  0.4587045
uh.vmi    0.3073764 -0.4791671  0.3547117  0.1765740  0.4587045  1.0000000
