                brs        dis   leadChal      sc.hw         uh     uh.vmi
brs       1.0000000 -0.5235022  0.2346605  0.1732688  0.3158355  0.2612103
dis      -0.5235022  1.0000000 -0.4735260 -0.3686852 -0.4041452 -0.3925712
leadChal  0.2346605 -0.4735260  1.0000000  0.1468042  0.1533611  0.2937446
sc.hw     0.1732688 -0.3686852  0.1468042  1.0000000  0.2226004  0.1395536
uh        0.3158355 -0.4041452  0.1533611  0.2226004  1.0000000  0.4113526
uh.vmi    0.2612103 -0.3925712  0.2937446  0.1395536  0.4113526  1.0000000
