           auth_bp  auth_imp   auth_rt   auth_sa       ili  leadChal       lnr
auth_bp  1.0000000 0.3553549 0.4364401 0.4751220 0.5345132 0.4599913 0.1994663
auth_imp 0.3553549 1.0000000 0.4351996 0.4290959 0.5474376 0.5040723 0.2727524
auth_rt  0.4364401 0.4351996 1.0000000 0.5092559 0.5518253 0.4974457 0.2105605
auth_sa  0.4751220 0.4290959 0.5092559 1.0000000 0.6470206 0.5426461 0.2240435
ili      0.5345132 0.5474376 0.5518253 0.6470206 1.0000000 0.6780378 0.3440503
leadChal 0.4599913 0.5040723 0.4974457 0.5426461 0.6780378 1.0000000 0.4801767
lnr      0.1994663 0.2727524 0.2105605 0.2240435 0.3440503 0.4801767 1.0000000
tfl_id   0.3978775 0.4986287 0.4158222 0.4798708 0.6699525 0.5655449 0.3785675
tfl_insp 0.4471401 0.4149091 0.4226786 0.5428188 0.7552210 0.5465621 0.3009980
tfl_int  0.3952269 0.3372338 0.3850227 0.5174349 0.5612155 0.5694229 0.2172041
tfl_pers 0.4077576 0.4086400 0.3774562 0.4331010 0.4584922 0.3578001 0.1971015
tfl_sup  0.4388899 0.3719913 0.2420270 0.4265050 0.5246883 0.2561328 0.1604463
tfl_vis  0.2678427 0.3094614 0.3591517 0.3393468 0.5438720 0.5263533 0.3025151
            tfl_id  tfl_insp   tfl_int  tfl_pers   tfl_sup   tfl_vis
auth_bp  0.3978775 0.4471401 0.3952269 0.4077576 0.4388899 0.2678427
auth_imp 0.4986287 0.4149091 0.3372338 0.4086400 0.3719913 0.3094614
auth_rt  0.4158222 0.4226786 0.3850227 0.3774562 0.2420270 0.3591517
auth_sa  0.4798708 0.5428188 0.5174349 0.4331010 0.4265050 0.3393468
ili      0.6699525 0.7552210 0.5612155 0.4584922 0.5246883 0.5438720
leadChal 0.5655449 0.5465621 0.5694229 0.3578001 0.2561328 0.5263533
lnr      0.3785675 0.3009980 0.2172041 0.1971015 0.1604463 0.3025151
tfl_id   1.0000000 0.5204781 0.3692006 0.3728617 0.2562286 0.4631008
tfl_insp 0.5204781 1.0000000 0.5717922 0.5399376 0.4925143 0.4754167
tfl_int  0.3692006 0.5717922 1.0000000 0.4062808 0.3506149 0.3960302
tfl_pers 0.3728617 0.5399376 0.4062808 1.0000000 0.4021218 0.2238491
tfl_sup  0.2562286 0.4925143 0.3506149 0.4021218 1.0000000 0.1494928
tfl_vis  0.4631008 0.4754167 0.3960302 0.2238491 0.1494928 1.0000000
