             auth_bp     auth_imp   auth_rt   auth_sa ili_champ      ili_emb
auth_bp   1.00000000  0.280145671 0.4687752 0.5655923 0.2145221  0.078269125
auth_imp  0.28014567  1.000000000 0.3851891 0.2724740 0.3215556 -0.000671229
auth_rt   0.46877521  0.385189095 1.0000000 0.5212965 0.3053049  0.151377557
auth_sa   0.56559225  0.272474017 0.5212965 1.0000000 0.2672699  0.235306127
ili_champ 0.21452206  0.321555606 0.3053049 0.2672699 1.0000000  0.433006700
ili_emb   0.07826913 -0.000671229 0.1513776 0.2353061 0.4330067  1.000000000
ili_ent   0.22715650  0.260413133 0.2440783 0.2987937 0.4518246  0.540720596
ili_pro   0.12342774  0.209896764 0.1790863 0.2162680 0.5152808  0.425822972
leadChal  0.18808830  0.169838113 0.3178914 0.2251313 0.2716528  0.314825381
tfl_insp  0.35319226  0.308644906 0.3640018 0.3387711 0.4330626  0.304707183
tfl_int   0.34376881  0.120401317 0.1827874 0.2008131 0.2327865  0.259653764
tfl_pers  0.15202977  0.270951138 0.2779622 0.1727561 0.3699406  0.156542525
tfl_sup   0.20515887  0.263739633 0.2324726 0.1222113 0.3297435  0.193664391
tfl_vis   0.24043687  0.364235877 0.3207736 0.2526361 0.4002973  0.247907492
            ili_ent   ili_pro  leadChal  tfl_insp   tfl_int  tfl_pers   tfl_sup
auth_bp   0.2271565 0.1234277 0.1880883 0.3531923 0.3437688 0.1520298 0.2051589
auth_imp  0.2604131 0.2098968 0.1698381 0.3086449 0.1204013 0.2709511 0.2637396
auth_rt   0.2440783 0.1790863 0.3178914 0.3640018 0.1827874 0.2779622 0.2324726
auth_sa   0.2987937 0.2162680 0.2251313 0.3387711 0.2008131 0.1727561 0.1222113
ili_champ 0.4518246 0.5152808 0.2716528 0.4330626 0.2327865 0.3699406 0.3297435
ili_emb   0.5407206 0.4258230 0.3148254 0.3047072 0.2596538 0.1565425 0.1936644
ili_ent   1.0000000 0.5829293 0.2230297 0.4123588 0.2752646 0.2843788 0.3143104
ili_pro   0.5829293 1.0000000 0.1953138 0.3103838 0.1279274 0.1770699 0.2648689
leadChal  0.2230297 0.1953138 1.0000000 0.3342125 0.2778749 0.1596973 0.1852417
tfl_insp  0.4123588 0.3103838 0.3342125 1.0000000 0.4788768 0.6046397 0.4175401
tfl_int   0.2752646 0.1279274 0.2778749 0.4788768 1.0000000 0.2390714 0.1990827
tfl_pers  0.2843788 0.1770699 0.1596973 0.6046397 0.2390714 1.0000000 0.4819566
tfl_sup   0.3143104 0.2648689 0.1852417 0.4175401 0.1990827 0.4819566 1.0000000
tfl_vis   0.2657158 0.3201347 0.3592991 0.5588702 0.1773109 0.5519084 0.3676288
            tfl_vis
auth_bp   0.2404369
auth_imp  0.3642359
auth_rt   0.3207736
auth_sa   0.2526361
ili_champ 0.4002973
ili_emb   0.2479075
ili_ent   0.2657158
ili_pro   0.3201347
leadChal  0.3592991
tfl_insp  0.5588702
tfl_int   0.1773109
tfl_pers  0.5519084
tfl_sup   0.3676288
tfl_vis   1.0000000
