            auth_bp  auth_imp   auth_rt   auth_sa ili_champ   ili_emb   ili_ent
auth_bp   1.0000000 0.4918619 0.6351899 0.7101810 0.4333719 0.3295529 0.4464211
auth_imp  0.4918619 1.0000000 0.5783545 0.4873572 0.5214062 0.2565767 0.4789430
auth_rt   0.6351899 0.5783545 1.0000000 0.6811918 0.5113659 0.3917959 0.4659158
auth_sa   0.7101810 0.4873572 0.6811918 1.0000000 0.4816266 0.4501560 0.5052835
ili_champ 0.4333719 0.5214062 0.5113659 0.4816266 1.0000000 0.6109808 0.6265935
ili_emb   0.3295529 0.2565767 0.3917959 0.4501560 0.6109808 1.0000000 0.6890758
ili_ent   0.4464211 0.4789430 0.4659158 0.5052835 0.6265935 0.6890758 1.0000000
ili_pro   0.3657803 0.4285836 0.4095585 0.4404813 0.6676078 0.6109627 0.7276534
leadChal  0.4168056 0.3968439 0.5231206 0.4563539 0.4852480 0.5146214 0.4426924
tfl_id    0.3800348 0.6294193 0.4988225 0.3993435 0.5668204 0.3883100 0.5101085
tfl_insp  0.5469022 0.5085271 0.5600662 0.5371894 0.6082767 0.5039475 0.5897054
tfl_int   0.5427389 0.3607298 0.4133002 0.4344366 0.4542931 0.4807502 0.4870303
tfl_pers  0.3900464 0.4878246 0.4864744 0.4066160 0.5563984 0.3838130 0.4919523
tfl_sup   0.4349911 0.4738337 0.4515629 0.3705926 0.5373161 0.4278537 0.5209042
tfl_vis   0.4593505 0.5614334 0.5251476 0.4739966 0.5831457 0.4644998 0.4824930
            ili_pro  leadChal    tfl_id  tfl_insp   tfl_int  tfl_pers   tfl_sup
auth_bp   0.3657803 0.4168056 0.3800348 0.5469022 0.5427389 0.3900464 0.4349911
auth_imp  0.4285836 0.3968439 0.6294193 0.5085271 0.3607298 0.4878246 0.4738337
auth_rt   0.4095585 0.5231206 0.4988225 0.5600662 0.4133002 0.4864744 0.4515629
auth_sa   0.4404813 0.4563539 0.3993435 0.5371894 0.4344366 0.4066160 0.3705926
ili_champ 0.6676078 0.4852480 0.5668204 0.6082767 0.4542931 0.5563984 0.5373161
ili_emb   0.6109627 0.5146214 0.3883100 0.5039475 0.4807502 0.3838130 0.4278537
ili_ent   0.7276534 0.4426924 0.5101085 0.5897054 0.4870303 0.4919523 0.5209042
ili_pro   1.0000000 0.4242324 0.5551575 0.5205160 0.3712988 0.4093083 0.4862590
leadChal  0.4242324 1.0000000 0.4820969 0.5341631 0.4867460 0.3906045 0.4145206
tfl_id    0.5551575 0.4820969 1.0000000 0.6324910 0.4365210 0.6336562 0.5312144
tfl_insp  0.5205160 0.5341631 0.6324910 1.0000000 0.6464017 0.7383281 0.5982693
tfl_int   0.3712988 0.4867460 0.4365210 0.6464017 1.0000000 0.4605881 0.4256520
tfl_pers  0.4093083 0.3906045 0.6336562 0.7383281 0.4605881 1.0000000 0.6532534
tfl_sup   0.4862590 0.4145206 0.5312144 0.5982693 0.4256520 0.6532534 1.0000000
tfl_vis   0.5203451 0.5578824 0.6219017 0.7039642 0.4095710 0.6991655 0.5586031
            tfl_vis
auth_bp   0.4593505
auth_imp  0.5614334
auth_rt   0.5251476
auth_sa   0.4739966
ili_champ 0.5831457
ili_emb   0.4644998
ili_ent   0.4824930
ili_pro   0.5203451
leadChal  0.5578824
tfl_id    0.6219017
tfl_insp  0.7039642
tfl_int   0.4095710
tfl_pers  0.6991655
tfl_sup   0.5586031
tfl_vis   1.0000000
