Estimating optimal shrinkage intensity lambda (correlation matrix): 0.0441 

           auth_bp  auth_imp   auth_rt   auth_sa       ili  leadChal    tfl_id
auth_bp  1.0000000 0.3562961 0.5154971 0.6017520 0.3047328 0.2757551 0.2369786
auth_imp 0.3562961 1.0000000 0.4514976 0.3514086 0.3424187 0.2546498 0.5089458
auth_rt  0.5154971 0.4514976 1.0000000 0.5681602 0.3705544 0.3904022 0.3638617
auth_sa  0.6017520 0.3514086 0.5681602 1.0000000 0.4029970 0.3179579 0.2572854
ili      0.3047328 0.3424187 0.3705544 0.4029970 1.0000000 0.4000662 0.4538773
leadChal 0.2757551 0.2546498 0.3904022 0.3179579 0.4000662 1.0000000 0.3457102
tfl_id   0.2369786 0.5089458 0.3638617 0.2572854 0.4538773 0.3457102 1.0000000
tfl_insp 0.4165764 0.3744375 0.4311498 0.4058626 0.5175324 0.4025311 0.5124315
tfl_int  0.4119799 0.2167964 0.2720394 0.2945053 0.3741520 0.3507461 0.2967288
tfl_pers 0.2474926 0.3519155 0.3504517 0.2649654 0.3906258 0.2480796 0.5137547
tfl_sup  0.2950966 0.3367777 0.3128175 0.2270924 0.4350794 0.2733326 0.3992882
tfl_vis  0.3211769 0.4326669 0.3926254 0.3369535 0.4623250 0.4287279 0.5004293
          tfl_insp   tfl_int  tfl_pers   tfl_sup   tfl_vis
auth_bp  0.4165764 0.4119799 0.2474926 0.2950966 0.3211769
auth_imp 0.3744375 0.2167964 0.3519155 0.3367777 0.4326669
auth_rt  0.4311498 0.2720394 0.3504517 0.3128175 0.3926254
auth_sa  0.4058626 0.2945053 0.2649654 0.2270924 0.3369535
ili      0.5175324 0.3741520 0.3906258 0.4350794 0.4623250
leadChal 0.4025311 0.3507461 0.2480796 0.2733326 0.4287279
tfl_id   0.5124315 0.2967288 0.5137547 0.3992882 0.5004293
tfl_insp 1.0000000 0.5282604 0.6346727 0.4737903 0.5945215
tfl_int  0.5282604 1.0000000 0.3225073 0.2851501 0.2680909
tfl_pers 0.6346727 0.3225073 1.0000000 0.5360831 0.5889503
tfl_sup  0.4737903 0.2851501 0.5360831 1.0000000 0.4295270
tfl_vis  0.5945215 0.2680909 0.5889503 0.4295270 1.0000000
attr(,"lambda")
[1] 0.04413069
attr(,"lambda.estimated")
[1] TRUE
attr(,"class")
[1] "shrinkage"
