            auth_bp  auth_imp   auth_rt   auth_sa ili_champ   ili_emb   ili_ent
auth_bp   1.0000000 0.2814406 0.3780557 0.4155128 0.3083247 0.3697033 0.4479984
auth_imp  0.2814406 1.0000000 0.3689837 0.3664234 0.3852866 0.3102541 0.4078832
auth_rt   0.3780557 0.3689837 1.0000000 0.4448996 0.4764988 0.3811884 0.4049849
auth_sa   0.4155128 0.3664234 0.4448996 1.0000000 0.4418222 0.4990688 0.4944377
ili_champ 0.3083247 0.3852866 0.4764988 0.4418222 1.0000000 0.3975305 0.5633433
ili_emb   0.3697033 0.3102541 0.3811884 0.4990688 0.3975305 1.0000000 0.5202521
ili_ent   0.4479984 0.4078832 0.4049849 0.4944377 0.5633433 0.5202521 1.0000000
ili_pro   0.4168179 0.4728200 0.3781158 0.5108227 0.5312653 0.4736446 0.6304521
leadChal  0.4086990 0.4556652 0.4471322 0.4911988 0.4829147 0.5029945 0.5547576
lnr       0.1133996 0.1960260 0.1391575 0.1387535 0.2269030 0.1530624 0.2794155
tfl_insp  0.3888866 0.3467612 0.3580810 0.4991668 0.5267145 0.5526957 0.6624161
tfl_int   0.3317913 0.2661699 0.3247574 0.4643853 0.3896812 0.4418584 0.4776276
tfl_pers  0.3364721 0.3478607 0.3032659 0.3625676 0.3284672 0.2016114 0.4304997
tfl_sup   0.3834144 0.3027322 0.1663201 0.3689790 0.3799891 0.4012910 0.3867506
tfl_vis   0.2032551 0.2298505 0.2957442 0.2641469 0.3175809 0.4368638 0.3521905
            ili_pro  leadChal        lnr  tfl_insp   tfl_int  tfl_pers
auth_bp   0.4168179 0.4086990 0.11339959 0.3888866 0.3317913 0.3364721
auth_imp  0.4728200 0.4556652 0.19602602 0.3467612 0.2661699 0.3478607
auth_rt   0.3781158 0.4471322 0.13915751 0.3580810 0.3247574 0.3032659
auth_sa   0.5108227 0.4911988 0.13875349 0.4991668 0.4643853 0.3625676
ili_champ 0.5312653 0.4829147 0.22690298 0.5267145 0.3896812 0.3284672
ili_emb   0.4736446 0.5029945 0.15306236 0.5526957 0.4418584 0.2016114
ili_ent   0.6304521 0.5547576 0.27941552 0.6624161 0.4776276 0.4304997
ili_pro   1.0000000 0.5397168 0.23846175 0.6016352 0.3458960 0.3036201
leadChal  0.5397168 1.0000000 0.41931636 0.5012787 0.5240572 0.2842133
lnr       0.2384618 0.4193164 1.00000000 0.2280014 0.1332256 0.1162634
tfl_insp  0.6016352 0.5012787 0.22800138 1.0000000 0.5204490 0.4842084
tfl_int   0.3458960 0.5240572 0.13322555 0.5204490 1.0000000 0.3372795
tfl_pers  0.3036201 0.2842133 0.11626343 0.4842084 0.3372795 1.0000000
tfl_sup   0.3714753 0.1718953 0.06091088 0.4313929 0.2710462 0.3279535
tfl_vis   0.4681312 0.4806833 0.23094300 0.4289316 0.3331689 0.1291608
             tfl_sup   tfl_vis
auth_bp   0.38341442 0.2032551
auth_imp  0.30273218 0.2298505
auth_rt   0.16632009 0.2957442
auth_sa   0.36897898 0.2641469
ili_champ 0.37998913 0.3175809
ili_emb   0.40129103 0.4368638
ili_ent   0.38675056 0.3521905
ili_pro   0.37147531 0.4681312
leadChal  0.17189528 0.4806833
lnr       0.06091088 0.2309430
tfl_insp  0.43139294 0.4289316
tfl_int   0.27104615 0.3331689
tfl_pers  0.32795350 0.1291608
tfl_sup   1.00000000 0.0564016
tfl_vis   0.05640160 1.0000000
