           auth_bp  auth_imp   auth_rt   auth_sa       ili  leadChal    tfl_id
auth_bp  1.0000000 0.5195883 0.6495354 0.6592120 0.2316717 0.2374225 0.3315331
auth_imp 0.5195883 1.0000000 0.5820544 0.6294051 0.2891266 0.3498186 0.4927218
auth_rt  0.6495354 0.5820544 1.0000000 0.7564621 0.2661975 0.2811485 0.2962453
auth_sa  0.6592120 0.6294051 0.7564621 1.0000000 0.2935062 0.2885422 0.3759462
ili      0.2316717 0.2891266 0.2661975 0.2935062 1.0000000 0.3341460 0.3411400
leadChal 0.2374225 0.3498186 0.2811485 0.2885422 0.3341460 1.0000000 0.4374951
tfl_id   0.3315331 0.4927218 0.2962453 0.3759462 0.3411400 0.4374951 1.0000000
tfl_insp 0.4604942 0.3853786 0.4063164 0.4068947 0.3709225 0.5071114 0.6432616
tfl_int  0.3755281 0.3220110 0.3351372 0.3181781 0.3484915 0.4142838 0.5272795
tfl_pers 0.3571025 0.4686280 0.2481347 0.3627902 0.2537759 0.3993021 0.6673996
tfl_sup  0.4393188 0.4004343 0.3641286 0.5029980 0.1365866 0.2280357 0.4844448
tfl_vis  0.3758644 0.4976519 0.4860111 0.4286306 0.3502510 0.4369417 0.6346562
          tfl_insp   tfl_int  tfl_pers   tfl_sup   tfl_vis
auth_bp  0.4604942 0.3755281 0.3571025 0.4393188 0.3758644
auth_imp 0.3853786 0.3220110 0.4686280 0.4004343 0.4976519
auth_rt  0.4063164 0.3351372 0.2481347 0.3641286 0.4860111
auth_sa  0.4068947 0.3181781 0.3627902 0.5029980 0.4286306
ili      0.3709225 0.3484915 0.2537759 0.1365866 0.3502510
leadChal 0.5071114 0.4142838 0.3993021 0.2280357 0.4369417
tfl_id   0.6432616 0.5272795 0.6673996 0.4844448 0.6346562
tfl_insp 1.0000000 0.7442409 0.6096721 0.5092776 0.5879344
tfl_int  0.7442409 1.0000000 0.5098061 0.3765630 0.4728503
tfl_pers 0.6096721 0.5098061 1.0000000 0.5536315 0.5166888
tfl_sup  0.5092776 0.3765630 0.5536315 1.0000000 0.3453508
tfl_vis  0.5879344 0.4728503 0.5166888 0.3453508 1.0000000
