Estimating optimal shrinkage intensity lambda (correlation matrix): 0.0521 

           auth_bp  auth_imp   auth_rt   auth_sa       ili  leadChal    tfl_id
auth_bp  1.0000000 0.5597616 0.6658990 0.6723333 0.3223796 0.3289043 0.4035066
auth_imp 0.5597616 1.0000000 0.6100296 0.6457212 0.3800053 0.4344689 0.5393343
auth_rt  0.6658990 0.6100296 1.0000000 0.7569047 0.3509884 0.3578032 0.3732792
auth_sa  0.6723333 0.6457212 0.7569047 1.0000000 0.3764548 0.3650411 0.4361987
ili      0.3223796 0.3800053 0.3509884 0.3764548 1.0000000 0.4169877 0.4141664
leadChal 0.3289043 0.4344689 0.3578032 0.3650411 0.4169877 1.0000000 0.4895556
tfl_id   0.4035066 0.5393343 0.3732792 0.4361987 0.4141664 0.4895556 1.0000000
tfl_insp 0.5141546 0.4474077 0.4579806 0.4620479 0.4415175 0.5517225 0.6673555
tfl_int  0.4473833 0.3980518 0.4138074 0.3944976 0.4263447 0.4716037 0.5643500
tfl_pers 0.4247683 0.5104960 0.3340392 0.4259422 0.3360809 0.4588655 0.6898282
tfl_sup  0.4980506 0.4549359 0.4257255 0.5411575 0.2448755 0.3161076 0.5315186
tfl_vis  0.4383335 0.5374389 0.5255063 0.4785296 0.4263154 0.4928552 0.6641760
          tfl_insp   tfl_int  tfl_pers   tfl_sup   tfl_vis
auth_bp  0.5141546 0.4473833 0.4247683 0.4980506 0.4383335
auth_imp 0.4474077 0.3980518 0.5104960 0.4549359 0.5374389
auth_rt  0.4579806 0.4138074 0.3340392 0.4257255 0.5255063
auth_sa  0.4620479 0.3944976 0.4259422 0.5411575 0.4785296
ili      0.4415175 0.4263447 0.3360809 0.2448755 0.4263154
leadChal 0.5517225 0.4716037 0.4588655 0.3161076 0.4928552
tfl_id   0.6673555 0.5643500 0.6898282 0.5315186 0.6641760
tfl_insp 1.0000000 0.7539320 0.6358681 0.5568321 0.6208118
tfl_int  0.7539320 1.0000000 0.5501306 0.4493087 0.5221150
tfl_pers 0.6358681 0.5501306 1.0000000 0.5895076 0.5612053
tfl_sup  0.5568321 0.4493087 0.5895076 1.0000000 0.4156286
tfl_vis  0.6208118 0.5221150 0.5612053 0.4156286 1.0000000
attr(,"lambda")
[1] 0.05212886
attr(,"lambda.estimated")
[1] TRUE
attr(,"class")
[1] "shrinkage"
