              auth_bp    auth_imp     auth_rt     auth_sa   ili_champ
auth_bp    1.00000000 -2.60885777 -0.60731104 -1.35786294  0.07598975
auth_imp  -2.60885777  1.00000000 -1.46881672 -0.97478172 -0.47867301
auth_rt   -0.60731104 -1.46881672  1.00000000  1.33317488 -0.63321377
auth_sa   -1.35786294 -0.97478172  1.33317488  1.00000000 -1.72839168
ili_champ  0.07598975 -0.47867301 -0.63321377 -1.72839168  1.00000000
ili_emb   -0.44831436 -0.03901790 -0.07339706 -0.00108485 -0.80585583
ili_ent    0.05483395  0.02539249 -7.06606857 -2.60357966  0.80317998
ili_pro    0.07835587 -1.30286915 -4.70454664 -1.46726083 -1.72388818
ili       -2.76330553  0.06364884  0.09286072 -3.68223151  0.99767061
leadChal  -0.67958904  0.32557575 -0.14303131  0.19602697  0.29373211
tfl_id     0.29664777  0.46556285 -2.83072266 -1.87173428  0.10262003
tfl_insp   0.45337988 -1.54739618 -0.78417291 -0.19320980 -0.24062711
tfl_int   -1.75795603  0.29000205  0.45033085  0.24410194 -1.69580887
tfl_pers   0.30808938 -2.06178323 -0.64816117 -0.36603363  0.10776356
tfl_sup   -0.93915969  0.41257945  0.06581800  0.48279657 -0.05363413
tfl_vis    0.34507597  0.45732038 -4.12065160 -4.62902709  0.18969387
                ili_emb      ili_ent       ili_pro          ili    leadChal
auth_bp    -0.448314363   0.05483395    0.07835587  -2.76330553 -0.67958904
auth_imp   -0.039017896   0.02539249   -1.30286915   0.06364884  0.32557575
auth_rt    -0.073397058  -7.06606857   -4.70454664   0.09286072 -0.14303131
auth_sa    -0.001084850  -2.60357966   -1.46726083  -3.68223151  0.19602697
ili_champ  -0.805855828   0.80317998   -1.72388818   0.99767061  0.29373211
ili_emb     1.000000000   0.51100218  -10.35625218  -0.99589099 -0.11410880
ili_ent     0.511002183   1.00000000    0.63168320 -45.34769450  0.18639034
ili_pro   -10.356252182   0.63168320    1.00000000 -45.65628442 -8.65848760
ili        -0.995890986 -45.34769450  -45.65628442   1.00000000  0.32295077
leadChal   -0.114108802   0.18639034   -8.65848760   0.32295077  1.00000000
tfl_id      0.033455008 -27.82541011 -149.04357167 -16.67827992  0.43784675
tfl_insp    0.122965319   0.19631005    0.19260973 -10.56310568 -1.02503368
tfl_int     0.180851925   0.16966009    0.06582946  -1.50331840  0.40694883
tfl_pers    0.001722793   0.07122063    0.16958688  -7.28554963 -0.29536450
tfl_sup    -0.554688668  -5.46055626   -9.01771191  -0.02184649  0.18802945
tfl_vis    -4.663377382 -48.16773845    0.13699788 -21.05747785  0.06285005
                 tfl_id    tfl_insp      tfl_int     tfl_pers     tfl_sup
auth_bp      0.29664777   0.4533799  -1.75795603  0.308089380 -0.93915969
auth_imp     0.46556285  -1.5473962   0.29000205 -2.061783231  0.41257945
auth_rt     -2.83072266  -0.7841729   0.45033085 -0.648161171  0.06581800
auth_sa     -1.87173428  -0.1932098   0.24410194 -0.366033627  0.48279657
ili_champ    0.10262003  -0.2406271  -1.69580887  0.107763558 -0.05363413
ili_emb      0.03345501   0.1229653   0.18085193  0.001722793 -0.55468867
ili_ent    -27.82541011   0.1963101   0.16966009  0.071220633 -5.46055626
ili_pro   -149.04357167   0.1926097   0.06582946  0.169586876 -9.01771191
ili        -16.67827992 -10.5631057  -1.50331840 -7.285549632 -0.02184649
leadChal     0.43784675  -1.0250337   0.40694883 -0.295364498  0.18802945
tfl_id       1.00000000   0.6556568 -11.98958307  0.637872603  0.47471544
tfl_insp     0.65565682   1.0000000   0.51935143 -0.389642186 -2.15952266
tfl_int    -11.98958307   0.5193514   1.00000000 -1.660224764 -0.21500768
tfl_pers     0.63787260  -0.3896422  -1.66022476  1.000000000 -0.74860750
tfl_sup      0.47471544  -2.1595227  -0.21500768 -0.748607502  1.00000000
tfl_vis      0.61586879   0.5794354  -8.21410406  0.492565127  0.31771807
               tfl_vis
auth_bp     0.34507597
auth_imp    0.45732038
auth_rt    -4.12065160
auth_sa    -4.62902709
ili_champ   0.18969387
ili_emb    -4.66337738
ili_ent   -48.16773845
ili_pro     0.13699788
ili       -21.05747785
leadChal    0.06285005
tfl_id      0.61586879
tfl_insp    0.57943543
tfl_int    -8.21410406
tfl_pers    0.49256513
tfl_sup     0.31771807
tfl_vis     1.00000000
