            auth_bp  auth_imp   auth_rt   auth_sa ili_champ   ili_emb   ili_ent
auth_bp   1.0000000 0.4093039 0.4978974 0.5314345 0.4338082 0.4920808 0.5550845
auth_imp  0.4093039 1.0000000 0.4883083 0.4877860 0.5026346 0.4369938 0.5210158
auth_rt   0.4978974 0.4883083 1.0000000 0.5553885 0.5830803 0.4999782 0.5199748
auth_sa   0.5314345 0.4877860 0.5553885 1.0000000 0.5528761 0.6059215 0.5996795
ili_champ 0.4338082 0.5026346 0.5830803 0.5528761 1.0000000 0.5153477 0.6571533
ili_emb   0.4920808 0.4369938 0.4999782 0.6059215 0.5153477 1.0000000 0.6203283
ili_ent   0.5550845 0.5210158 0.5199748 0.5996795 0.6571533 0.6203283 1.0000000
ili_pro   0.5339414 0.5755797 0.4959205 0.6162913 0.6293570 0.5786790 0.7115989
leadChal  0.5274332 0.5646160 0.5593511 0.5977815 0.5883958 0.6058345 0.6497998
lnr       0.2532002 0.3335870 0.2814403 0.2804101 0.3616875 0.2936744 0.4124102
tfl_insp  0.5060429 0.4698632 0.4812118 0.6060294 0.6285130 0.6478105 0.7389081
tfl_int   0.4567046 0.3983636 0.4514696 0.5746815 0.5094948 0.5529949 0.5860314
tfl_pers  0.4613271 0.4722377 0.4347103 0.4866488 0.4551198 0.3369835 0.5453078
tfl_sup   0.5039450 0.4341707 0.3057625 0.4896950 0.5012961 0.5206227 0.5028342
tfl_vis   0.3402883 0.3656512 0.4260534 0.3994987 0.4444558 0.5507011 0.4765322
            ili_pro  leadChal       lnr  tfl_insp   tfl_int  tfl_pers   tfl_sup
auth_bp   0.5339414 0.5274332 0.2532002 0.5060429 0.4567046 0.4613271 0.5039450
auth_imp  0.5755797 0.5646160 0.3335870 0.4698632 0.3983636 0.4722377 0.4341707
auth_rt   0.4959205 0.5593511 0.2814403 0.4812118 0.4514696 0.4347103 0.3057625
auth_sa   0.6162913 0.5977815 0.2804101 0.6060294 0.5746815 0.4866488 0.4896950
ili_champ 0.6293570 0.5883958 0.3616875 0.6285130 0.5094948 0.4551198 0.5012961
ili_emb   0.5786790 0.6058345 0.2936744 0.6478105 0.5529949 0.3369835 0.5206227
ili_ent   0.7115989 0.6497998 0.4124102 0.7389081 0.5860314 0.5453078 0.5028342
ili_pro   1.0000000 0.6367680 0.3722137 0.6872553 0.4680953 0.4299883 0.4850453
leadChal  0.6367680 1.0000000 0.5331218 0.6048369 0.6242319 0.4149228 0.3035544
lnr       0.3722137 0.5331218 1.0000000 0.3623641 0.2750606 0.2610222 0.2102199
tfl_insp  0.6872553 0.6048369 0.3623641 1.0000000 0.6228454 0.5930466 0.5431203
tfl_int   0.4680953 0.6242319 0.2750606 0.6228454 1.0000000 0.4640839 0.4031090
tfl_pers  0.4299883 0.4149228 0.2610222 0.5930466 0.4640839 1.0000000 0.4551442
tfl_sup   0.4850453 0.3035544 0.2102199 0.5431203 0.4031090 0.4551442 1.0000000
tfl_vis   0.5783452 0.5852001 0.3653790 0.5412323 0.4584407 0.2680137 0.2037477
            tfl_vis
auth_bp   0.3402883
auth_imp  0.3656512
auth_rt   0.4260534
auth_sa   0.3994987
ili_champ 0.4444558
ili_emb   0.5507011
ili_ent   0.4765322
ili_pro   0.5783452
leadChal  0.5852001
lnr       0.3653790
tfl_insp  0.5412323
tfl_int   0.4584407
tfl_pers  0.2680137
tfl_sup   0.2037477
tfl_vis   1.0000000
