           auth_bp  auth_imp   auth_rt   auth_sa       ili  leadChal    tfl_id
auth_bp  1.0000000 0.5725865 0.6823491 0.6895359 0.3204076 0.3311541 0.4109897
auth_imp 0.5725865 1.0000000 0.6252924 0.6634989 0.3794301 0.4363902 0.5495051
auth_rt  0.6823491 0.6252924 1.0000000 0.7801395 0.3505411 0.3600102 0.3800955
auth_sa  0.6895359 0.6634989 0.7801395 1.0000000 0.3775996 0.3686988 0.4471137
ili      0.3204076 0.3794301 0.3505411 0.3775996 1.0000000 0.4155456 0.4181367
leadChal 0.3311541 0.4363902 0.3600102 0.3686988 0.4155456 1.0000000 0.4942431
tfl_id   0.4109897 0.5495051 0.3800955 0.4471137 0.4181367 0.4942431 1.0000000
tfl_insp 0.5272466 0.4582268 0.4705739 0.4765284 0.4466356 0.5606370 0.6860844
tfl_int  0.4516329 0.4022351 0.4189416 0.4016101 0.4277879 0.4747441 0.5737263
tfl_pers 0.4322597 0.5189502 0.3374096 0.4350276 0.3372019 0.4646362 0.7040353
tfl_sup  0.5062897 0.4636820 0.4335777 0.5528409 0.2450153 0.3185566 0.5384687
tfl_vis  0.4480382 0.5479025 0.5363732 0.4912050 0.4285806 0.4967466 0.6773125
          tfl_insp   tfl_int  tfl_pers   tfl_sup   tfl_vis
auth_bp  0.5272466 0.4516329 0.4322597 0.5062897 0.4480382
auth_imp 0.4582268 0.4022351 0.5189502 0.4636820 0.5479025
auth_rt  0.4705739 0.4189416 0.3374096 0.4335777 0.5363732
auth_sa  0.4765284 0.4016101 0.4350276 0.5528409 0.4912050
ili      0.4466356 0.4277879 0.3372019 0.2450153 0.4285806
leadChal 0.5606370 0.4747441 0.4646362 0.3185566 0.4967466
tfl_id   0.6860844 0.5737263 0.7040353 0.5384687 0.6773125
tfl_insp 1.0000000 0.7742751 0.6526235 0.5685098 0.6365045
tfl_int  0.7742751 1.0000000 0.5606753 0.4545828 0.5314532
tfl_pers 0.6526235 0.5606753 1.0000000 0.5976822 0.5710953
tfl_sup  0.5685098 0.4545828 0.5976822 1.0000000 0.4213227
tfl_vis  0.6365045 0.5314532 0.5710953 0.4213227 1.0000000
