           auth_bp  auth_imp   auth_rt   auth_sa       ili  leadChal    tfl_id
auth_bp  1.0000000 0.5905461 0.7025206 0.7093087 0.3401091 0.3469926 0.4256978
auth_imp 0.5905461 1.0000000 0.6435786 0.6812331 0.4009039 0.4583629 0.5689953
auth_rt  0.7025206 0.6435786 1.0000000 0.7985312 0.3702912 0.3774809 0.3938080
auth_sa  0.7093087 0.6812331 0.7985312 1.0000000 0.3971582 0.3851168 0.4601878
ili      0.3401091 0.4009039 0.3702912 0.3971582 1.0000000 0.4399202 0.4369438
leadChal 0.3469926 0.4583629 0.3774809 0.3851168 0.4399202 1.0000000 0.5164791
tfl_id   0.4256978 0.5689953 0.3938080 0.4601878 0.4369438 0.5164791 1.0000000
tfl_insp 0.5424309 0.4720132 0.4831675 0.4874586 0.4657991 0.5820649 0.7040572
tfl_int  0.4719875 0.4199430 0.4365651 0.4161933 0.4497918 0.4975399 0.5953868
tfl_pers 0.4481287 0.5385711 0.3524100 0.4493672 0.3545639 0.4841011 0.7277658
tfl_sup  0.5254413 0.4799554 0.4491385 0.5709189 0.2583426 0.3334922 0.5607499
tfl_vis  0.4624400 0.5669958 0.5544069 0.5048467 0.4497609 0.5199601 0.7007029
          tfl_insp   tfl_int  tfl_pers   tfl_sup   tfl_vis
auth_bp  0.5424309 0.4719875 0.4481287 0.5254413 0.4624400
auth_imp 0.4720132 0.4199430 0.5385711 0.4799554 0.5669958
auth_rt  0.4831675 0.4365651 0.3524100 0.4491385 0.5544069
auth_sa  0.4874586 0.4161933 0.4493672 0.5709189 0.5048467
ili      0.4657991 0.4497918 0.3545639 0.2583426 0.4497609
leadChal 0.5820649 0.4975399 0.4841011 0.3334922 0.5199601
tfl_id   0.7040572 0.5953868 0.7277658 0.5607499 0.7007029
tfl_insp 1.0000000 0.7953950 0.6708382 0.5874555 0.6549538
tfl_int  0.7953950 1.0000000 0.5803854 0.4740188 0.5508290
tfl_pers 0.6708382 0.5803854 1.0000000 0.6219280 0.5920692
tfl_sup  0.5874555 0.4740188 0.6219280 1.0000000 0.4384864
tfl_vis  0.6549538 0.5508290 0.5920692 0.4384864 1.0000000
