            auth_bp  auth_imp   auth_rt   auth_sa ili_champ   ili_emb   ili_ent
auth_bp   1.0000000 0.2981546 0.4018017 0.4390044 0.3265081 0.3902730 0.4718124
auth_imp  0.2981546 1.0000000 0.3917819 0.3870773 0.4078413 0.3278134 0.4286713
auth_rt   0.4018017 0.3917819 1.0000000 0.4707679 0.5041321 0.4022389 0.4258494
auth_sa   0.4390044 0.3870773 0.4707679 1.0000000 0.4650622 0.5246163 0.5173194
ili_champ 0.3265081 0.4078413 0.5041321 0.4650622 1.0000000 0.4173232 0.5890102
ili_emb   0.3902730 0.3278134 0.4022389 0.5246163 0.4173232 1.0000000 0.5428703
ili_ent   0.4718124 0.4286713 0.4258494 0.5173194 0.5890102 0.5428703 1.0000000
ili_pro   0.4390564 0.4972547 0.3971743 0.5346610 0.5553488 0.4937378 0.6557531
leadChal  0.4288083 0.4775581 0.4693768 0.5136767 0.5052311 0.5241761 0.5764917
lnr       0.1219201 0.2094217 0.1494048 0.1478910 0.2428021 0.1623167 0.2959572
tfl_id    0.3462985 0.4533897 0.3744224 0.4385506 0.5486818 0.3534899 0.5558349
tfl_insp  0.4086019 0.3637152 0.3752121 0.5207055 0.5501062 0.5762351 0.6878644
tfl_int   0.3510939 0.2804247 0.3438704 0.4882661 0.4114597 0.4641653 0.4996552
tfl_pers  0.3591692 0.3689601 0.3214805 0.3834871 0.3474701 0.2138970 0.4520282
tfl_sup   0.4075189 0.3206677 0.1760071 0.3874486 0.4004338 0.4214705 0.4044731
tfl_vis   0.2169204 0.2442377 0.3140683 0.2796786 0.3355541 0.4596870 0.3700356
            ili_pro  leadChal        lnr    tfl_id  tfl_insp   tfl_int
auth_bp   0.4390564 0.4288083 0.12192007 0.3462985 0.4086019 0.3510939
auth_imp  0.4972547 0.4775581 0.20942175 0.4533897 0.3637152 0.2804247
auth_rt   0.3971743 0.4693768 0.14940479 0.3744224 0.3752121 0.3438704
auth_sa   0.5346610 0.5136767 0.14789096 0.4385506 0.5207055 0.4882661
ili_champ 0.5553488 0.5052311 0.24280215 0.5486818 0.5501062 0.4114597
ili_emb   0.4937378 0.5241761 0.16231672 0.3534899 0.5762351 0.4641653
ili_ent   0.6557531 0.5764917 0.29595724 0.5558349 0.6878644 0.4996552
ili_pro   1.0000000 0.5615072 0.25525886 0.6654597 0.6249634 0.3625145
leadChal  0.5615072 1.0000000 0.44493216 0.5452987 0.5206566 0.5468854
lnr       0.2552589 0.4449322 1.00000000 0.3364902 0.2414601 0.1406913
tfl_id    0.6654597 0.5452987 0.33649024 1.0000000 0.4943511 0.3107319
tfl_insp  0.6249634 0.5206566 0.24146011 0.4943511 1.0000000 0.5442541
tfl_int   0.3625145 0.5468854 0.14069126 0.3107319 0.5442541 1.0000000
tfl_pers  0.3200180 0.2990425 0.12557402 0.3199189 0.5088902 0.3578217
tfl_sup   0.3887151 0.1800638 0.06436403 0.1883041 0.4504625 0.2872342
tfl_vis   0.4918653 0.5044065 0.24800549 0.4327738 0.4491893 0.3527037
           tfl_pers    tfl_sup    tfl_vis
auth_bp   0.3591692 0.40751893 0.21692040
auth_imp  0.3689601 0.32066769 0.24423769
auth_rt   0.3214805 0.17600713 0.31406831
auth_sa   0.3834871 0.38744859 0.27967863
ili_champ 0.3474701 0.40043378 0.33555406
ili_emb   0.2138970 0.42147049 0.45968701
ili_ent   0.4520282 0.40447306 0.37003556
ili_pro   0.3200180 0.38871508 0.49186528
leadChal  0.2990425 0.18006381 0.50440649
lnr       0.1255740 0.06436403 0.24800549
tfl_id    0.3199189 0.18830408 0.43277379
tfl_insp  0.5088902 0.45046249 0.44918930
tfl_int   0.3578217 0.28723418 0.35270368
tfl_pers  1.0000000 0.34902118 0.13866838
tfl_sup   0.3490212 1.00000000 0.05828977
tfl_vis   0.1386684 0.05828977 1.00000000
