            auth_bp   auth_imp   auth_rt   auth_sa ili_champ     ili_emb
auth_bp   1.0000000 0.51015434 0.6300464 0.6441801 0.2110344  0.12615160
auth_imp  0.5101543 1.00000000 0.5752118 0.6131420 0.3565881  0.09029005
auth_rt   0.6300464 0.57521181 1.0000000 0.7450654 0.2816208  0.12232930
auth_sa   0.6441801 0.61314197 0.7450654 1.0000000 0.2980820  0.15651032
ili_champ 0.2110344 0.35658809 0.2816208 0.2980820 1.0000000  0.52600807
ili_emb   0.1261516 0.09029005 0.1223293 0.1565103 0.5260081  1.00000000
ili_ent   0.1929231 0.18131369 0.2233050 0.2520140 0.7228666  0.62236389
ili_pro   0.2250460 0.34450083 0.2511684 0.3011477 0.7117710  0.51951524
leadChal  0.2356717 0.35979690 0.2821140 0.2768704 0.3387099  0.26248611
tfl_id    0.3404302 0.49681664 0.3016148 0.3821756 0.2723843  0.16347773
tfl_insp  0.4617801 0.37569038 0.3913254 0.4033424 0.2623578  0.29463703
tfl_int   0.3876648 0.31724463 0.3500396 0.3223110 0.2571893  0.30687162
tfl_pers  0.3649174 0.46079832 0.2533952 0.3684762 0.2047875  0.12566456
tfl_sup   0.4513159 0.39138011 0.3614208 0.4946250 0.0910210 -0.00692778
tfl_vis   0.3739994 0.49521266 0.4845575 0.4200779 0.3463156  0.19379796
            ili_ent   ili_pro  leadChal    tfl_id  tfl_insp   tfl_int  tfl_pers
auth_bp   0.1929231 0.2250460 0.2356717 0.3404302 0.4617801 0.3876648 0.3649174
auth_imp  0.1813137 0.3445008 0.3597969 0.4968166 0.3756904 0.3172446 0.4607983
auth_rt   0.2233050 0.2511684 0.2821140 0.3016148 0.3913254 0.3500396 0.2533952
auth_sa   0.2520140 0.3011477 0.2768704 0.3821756 0.4033424 0.3223110 0.3684762
ili_champ 0.7228666 0.7117710 0.3387099 0.2723843 0.2623578 0.2571893 0.2047875
ili_emb   0.6223639 0.5195152 0.2624861 0.1634777 0.2946370 0.3068716 0.1256646
ili_ent   1.0000000 0.6955292 0.2177059 0.2889062 0.3481017 0.2960175 0.1980479
ili_pro   0.6955292 1.0000000 0.3224596 0.4115543 0.3526389 0.3170367 0.2787264
leadChal  0.2177059 0.3224596 1.0000000 0.4379649 0.5095632 0.4173163 0.4004879
tfl_id    0.2889062 0.4115543 0.4379649 1.0000000 0.6477239 0.5240548 0.6663605
tfl_insp  0.3481017 0.3526389 0.5095632 0.6477239 1.0000000 0.7490947 0.6017013
tfl_int   0.2960175 0.3170367 0.4173163 0.5240548 0.7490947 1.0000000 0.5049254
tfl_pers  0.1980479 0.2787264 0.4004879 0.6663605 0.6017013 0.5049254 1.0000000
tfl_sup   0.1406679 0.1575782 0.2257812 0.4882688 0.5192792 0.3934295 0.5519588
tfl_vis   0.2972315 0.3528316 0.4365753 0.6396952 0.5938998 0.4706199 0.5215518
              tfl_sup   tfl_vis
auth_bp    0.45131593 0.3739994
auth_imp   0.39138011 0.4952127
auth_rt    0.36142081 0.4845575
auth_sa    0.49462496 0.4200779
ili_champ  0.09102100 0.3463156
ili_emb   -0.00692778 0.1937980
ili_ent    0.14066788 0.2972315
ili_pro    0.15757820 0.3528316
leadChal   0.22578117 0.4365753
tfl_id     0.48826881 0.6396952
tfl_insp   0.51927919 0.5938998
tfl_int    0.39342947 0.4706199
tfl_pers   0.55195882 0.5215518
tfl_sup    1.00000000 0.3485764
tfl_vis    0.34857638 1.0000000
