            auth_bp  auth_imp   auth_rt   auth_sa ili_champ   ili_emb   ili_ent
auth_bp   1.0000000 0.6094618 0.7072097 0.7090693 0.3783975 0.3143961 0.3557838
auth_imp  0.6094618 1.0000000 0.6511668 0.6875583 0.4870705 0.2870193 0.3588029
auth_rt   0.7072097 0.6511668 1.0000000 0.7966059 0.4283541 0.3123861 0.3934780
auth_sa   0.7090693 0.6875583 0.7966059 1.0000000 0.4468480 0.3357984 0.4044637
ili_champ 0.3783975 0.4870705 0.4283541 0.4468480 1.0000000 0.6178364 0.7679990
ili_emb   0.3143961 0.2870193 0.3123861 0.3357984 0.6178364 1.0000000 0.6946817
ili_ent   0.3557838 0.3588029 0.3934780 0.4044637 0.7679990 0.6946817 1.0000000
ili_pro   0.3818495 0.4809355 0.4059715 0.4419489 0.7664797 0.6097987 0.7575610
leadChal  0.4062351 0.4939640 0.4328969 0.4349601 0.4739896 0.4186925 0.3919981
tfl_id    0.4685043 0.5922028 0.4404589 0.4985144 0.4230177 0.3341879 0.4279748
tfl_insp  0.5654809 0.5073486 0.5123983 0.5213830 0.4166977 0.4423444 0.4822603
tfl_int   0.5027142 0.4754171 0.4752931 0.4613187 0.4174007 0.4486105 0.4431025
tfl_pers  0.4826239 0.5609855 0.4060055 0.5036665 0.3763081 0.3093190 0.3648343
tfl_sup   0.5402206 0.4964323 0.4806503 0.5825725 0.2941657 0.2204333 0.3253711
tfl_vis   0.4890647 0.5907626 0.5766985 0.5276089 0.4760358 0.3726166 0.4374520
            ili_pro  leadChal    tfl_id  tfl_insp   tfl_int  tfl_pers   tfl_sup
auth_bp   0.3818495 0.4062351 0.4685043 0.5654809 0.5027142 0.4826239 0.5402206
auth_imp  0.4809355 0.4939640 0.5922028 0.5073486 0.4754171 0.5609855 0.4964323
auth_rt   0.4059715 0.4328969 0.4404589 0.5123983 0.4752931 0.4060055 0.4806503
auth_sa   0.4419489 0.4349601 0.4985144 0.5213830 0.4613187 0.5036665 0.5825725
ili_champ 0.7664797 0.4739896 0.4230177 0.4166977 0.4174007 0.3763081 0.2941657
ili_emb   0.6097987 0.4186925 0.3341879 0.4423444 0.4486105 0.3093190 0.2204333
ili_ent   0.7575610 0.3919981 0.4279748 0.4822603 0.4431025 0.3648343 0.3253711
ili_pro   1.0000000 0.4613290 0.5338580 0.4876502 0.4541435 0.4277526 0.3340200
leadChal  0.4613290 1.0000000 0.5518535 0.5959111 0.5326696 0.5210364 0.3877732
tfl_id    0.5338580 0.5518535 1.0000000 0.7213202 0.6296691 0.7305211 0.5781152
tfl_insp  0.4876502 0.5959111 0.7213202 1.0000000 0.7852947 0.6907847 0.6019535
tfl_int   0.4541435 0.5326696 0.6296691 0.7852947 1.0000000 0.6037299 0.5087299
tfl_pers  0.4277526 0.5210364 0.7305211 0.6907847 0.6037299 1.0000000 0.6346909
tfl_sup   0.3340200 0.3877732 0.5781152 0.6019535 0.5087299 0.6346909 1.0000000
tfl_vis   0.4884186 0.5531491 0.7146455 0.6700999 0.5766640 0.6104595 0.4727922
            tfl_vis
auth_bp   0.4890647
auth_imp  0.5907626
auth_rt   0.5766985
auth_sa   0.5276089
ili_champ 0.4760358
ili_emb   0.3726166
ili_ent   0.4374520
ili_pro   0.4884186
leadChal  0.5531491
tfl_id    0.7146455
tfl_insp  0.6700999
tfl_int   0.5766640
tfl_pers  0.6104595
tfl_sup   0.4727922
tfl_vis   1.0000000
