           auth_bp  auth_imp   auth_rt   auth_sa       ili  leadChal    tfl_id
auth_bp  1.0000000 0.6147138 0.7130639 0.7280401 0.3800525 0.3979944 0.4685237
auth_imp 0.6147138 1.0000000 0.6612196 0.6954087 0.4438869 0.4909700 0.5868637
auth_rt  0.7130639 0.6612196 1.0000000 0.8002872 0.4115074 0.4219170 0.4352645
auth_sa  0.7280401 0.6954087 0.8002872 1.0000000 0.4358316 0.4328124 0.4979847
ili      0.3800525 0.4438869 0.4115074 0.4358316 1.0000000 0.4654168 0.4662776
leadChal 0.3979944 0.4909700 0.4219170 0.4328124 0.4654168 1.0000000 0.5434816
tfl_id   0.4685237 0.5868637 0.4352645 0.4979847 0.4662776 0.5434816 1.0000000
tfl_insp 0.5786881 0.5155050 0.5165942 0.5165400 0.4892995 0.6051424 0.7212149
tfl_int  0.5065357 0.4643676 0.4808075 0.4612917 0.4793555 0.5229143 0.6154619
tfl_pers 0.4929251 0.5639657 0.4012624 0.4817736 0.4012544 0.5165075 0.7265992
tfl_sup  0.5527521 0.5062053 0.4953157 0.5921861 0.3193666 0.3854837 0.5799220
tfl_vis  0.4948967 0.5779382 0.5727235 0.5292942 0.4870768 0.5436814 0.6933947
          tfl_insp   tfl_int  tfl_pers   tfl_sup   tfl_vis
auth_bp  0.5786881 0.5065357 0.4929251 0.5527521 0.4948967
auth_imp 0.5155050 0.4643676 0.5639657 0.5062053 0.5779382
auth_rt  0.5165942 0.4808075 0.4012624 0.4953157 0.5727235
auth_sa  0.5165400 0.4612917 0.4817736 0.5921861 0.5292942
ili      0.4892995 0.4793555 0.4012544 0.3193666 0.4870768
leadChal 0.6051424 0.5229143 0.5165075 0.3854837 0.5436814
tfl_id   0.7212149 0.6154619 0.7265992 0.5799220 0.6933947
tfl_insp 1.0000000 0.8065116 0.6860360 0.6044481 0.6719559
tfl_int  0.8065116 1.0000000 0.6031263 0.5053417 0.5795958
tfl_pers 0.6860360 0.6031263 1.0000000 0.6231191 0.6105996
tfl_sup  0.6044481 0.5053417 0.6231191 1.0000000 0.4786675
tfl_vis  0.6719559 0.5795958 0.6105996 0.4786675 1.0000000
