            auth_bp  auth_imp   auth_rt   auth_sa ili_champ   ili_emb   ili_ent
auth_bp   1.0000000 0.5713491 0.6776718 0.6868060 0.3090920 0.2371825 0.2838284
auth_imp  0.5713491 1.0000000 0.6236875 0.6615571 0.4313000 0.2060616 0.2907673
auth_rt   0.6776718 0.6236875 1.0000000 0.7756477 0.3679415 0.2309183 0.3237282
auth_sa   0.6868060 0.6615571 0.7756477 1.0000000 0.3815263 0.2577232 0.3349164
ili_champ 0.3090920 0.4313000 0.3679415 0.3815263 1.0000000 0.5819550 0.7466548
ili_emb   0.2371825 0.2060616 0.2309183 0.2577232 0.5819550 1.0000000 0.6636801
ili_ent   0.2838284 0.2907673 0.3237282 0.3349164 0.7466548 0.6636801 1.0000000
ili_pro   0.3151191 0.4249291 0.3421456 0.3759946 0.7405760 0.5713217 0.7261884
leadChal  0.3317893 0.4378740 0.3647455 0.3703503 0.4211233 0.3489958 0.3188998
tfl_id    0.4134693 0.5507090 0.3839792 0.4488338 0.3592166 0.2626142 0.3751234
tfl_insp  0.5271821 0.4605638 0.4718970 0.4780790 0.3558449 0.3747668 0.4286774
tfl_int   0.4560542 0.4090441 0.4258567 0.4067768 0.3546205 0.3923716 0.3826272
tfl_pers  0.4343523 0.5224696 0.3463663 0.4413932 0.3042052 0.2334150 0.3030859
tfl_sup   0.5043398 0.4614284 0.4329011 0.5509644 0.2152227 0.1278879 0.2570189
tfl_vis   0.4460559 0.5474425 0.5378583 0.4894106 0.4220822 0.2954753 0.3752651
            ili_pro  leadChal    tfl_id  tfl_insp   tfl_int  tfl_pers   tfl_sup
auth_bp   0.3151191 0.3317893 0.4134693 0.5271821 0.4560542 0.4343523 0.5043398
auth_imp  0.4249291 0.4378740 0.5507090 0.4605638 0.4090441 0.5224696 0.4614284
auth_rt   0.3421456 0.3647455 0.3839792 0.4718970 0.4258567 0.3463663 0.4329011
auth_sa   0.3759946 0.3703503 0.4488338 0.4780790 0.4067768 0.4413932 0.5509644
ili_champ 0.7405760 0.4211233 0.3592166 0.3558449 0.3546205 0.3042052 0.2152227
ili_emb   0.5713217 0.3489958 0.2626142 0.3747668 0.3923716 0.2334150 0.1278879
ili_ent   0.7261884 0.3188998 0.3751234 0.4286774 0.3826272 0.3030859 0.2570189
ili_pro   1.0000000 0.3980535 0.4789861 0.4298333 0.3987342 0.3601288 0.2652087
leadChal  0.3980535 1.0000000 0.4951063 0.5595950 0.4753189 0.4631080 0.3160513
tfl_id    0.4789861 0.4951063 1.0000000 0.6874799 0.5766208 0.7044683 0.5416409
tfl_insp  0.4298333 0.5595950 0.6874799 1.0000000 0.7705629 0.6504714 0.5695360
tfl_int   0.3987342 0.4753189 0.5766208 0.7705629 1.0000000 0.5606435 0.4569128
tfl_pers  0.3601288 0.4631080 0.7044683 0.6504714 0.5606435 1.0000000 0.5995578
tfl_sup   0.2652087 0.3160513 0.5416409 0.5695360 0.4569128 0.5995578 1.0000000
tfl_vis   0.4324012 0.4995792 0.6775222 0.6365801 0.5318203 0.5710798 0.4221042
            tfl_vis
auth_bp   0.4460559
auth_imp  0.5474425
auth_rt   0.5378583
auth_sa   0.4894106
ili_champ 0.4220822
ili_emb   0.2954753
ili_ent   0.3752651
ili_pro   0.4324012
leadChal  0.4995792
tfl_id    0.6775222
tfl_insp  0.6365801
tfl_int   0.5318203
tfl_pers  0.5710798
tfl_sup   0.4221042
tfl_vis   1.0000000
