             auth_bp     auth_imp   auth_rt   auth_sa ili_champ      ili_emb
auth_bp   1.00000000  0.280149647 0.4648687 0.5551992 0.1992709  0.078725176
auth_imp  0.28014965  1.000000000 0.4049198 0.2814750 0.3213470 -0.009609263
auth_rt   0.46486875  0.404919815 1.0000000 0.5221601 0.3028512  0.152428859
auth_sa   0.55519923  0.281475013 0.5221601 1.0000000 0.2697000  0.233158477
ili_champ 0.19927088  0.321347016 0.3028512 0.2697000 1.0000000  0.432468141
ili_emb   0.07872518 -0.009609263 0.1524289 0.2331585 0.4324681  1.000000000
ili_ent   0.23033366  0.269499424 0.2503526 0.3047074 0.4596322  0.528507620
ili_pro   0.11640545  0.196479698 0.1699878 0.2099332 0.5213274  0.428259278
leadChal  0.17454138  0.161447981 0.3130758 0.2259233 0.2724460  0.302456672
tfl_id    0.14150139  0.462404375 0.2862295 0.1662221 0.3815433  0.148499213
tfl_insp  0.34869792  0.300895279 0.3647478 0.3435265 0.4374909  0.296725659
tfl_int   0.34758859  0.121485967 0.1865795 0.2096686 0.2280202  0.263236692
tfl_pers  0.15297889  0.280998505 0.2830003 0.1781338 0.3604158  0.145885458
tfl_sup   0.20435945  0.254834031 0.2329813 0.1242952 0.3418771  0.203119124
tfl_vis   0.23672438  0.373874324 0.3285255 0.2558511 0.4054607  0.245123106
            ili_ent   ili_pro  leadChal    tfl_id  tfl_insp   tfl_int  tfl_pers
auth_bp   0.2303337 0.1164054 0.1745414 0.1415014 0.3486979 0.3475886 0.1529789
auth_imp  0.2694994 0.1964797 0.1614480 0.4624044 0.3008953 0.1214860 0.2809985
auth_rt   0.2503526 0.1699878 0.3130758 0.2862295 0.3647478 0.1865795 0.2830003
auth_sa   0.3047074 0.2099332 0.2259233 0.1662221 0.3435265 0.2096686 0.1781338
ili_champ 0.4596322 0.5213274 0.2724460 0.3815433 0.4374909 0.2280202 0.3604158
ili_emb   0.5285076 0.4282593 0.3024567 0.1484992 0.2967257 0.2632367 0.1458855
ili_ent   1.0000000 0.5769810 0.2166364 0.3205090 0.4221082 0.2763552 0.2828309
ili_pro   0.5769810 1.0000000 0.1940281 0.3643152 0.3255133 0.1276931 0.1771160
leadChal  0.2166364 0.1940281 1.0000000 0.2643480 0.3288453 0.2637297 0.1562184
tfl_id    0.3205090 0.3643152 0.2643480 1.0000000 0.4646175 0.2077868 0.4678235
tfl_insp  0.4221082 0.3255133 0.3288453 0.4646175 1.0000000 0.4769607 0.6032098
tfl_int   0.2763552 0.1276931 0.2637297 0.2077868 0.4769607 1.0000000 0.2469980
tfl_pers  0.2828309 0.1771160 0.1562184 0.4678235 0.6032098 0.2469980 1.0000000
tfl_sup   0.3211470 0.2768228 0.1766457 0.3354773 0.4176870 0.1923360 0.4879765
tfl_vis   0.2794138 0.3115389 0.3590429 0.4641862 0.5551412 0.1818211 0.5563709
            tfl_sup   tfl_vis
auth_bp   0.2043594 0.2367244
auth_imp  0.2548340 0.3738743
auth_rt   0.2329813 0.3285255
auth_sa   0.1242952 0.2558511
ili_champ 0.3418771 0.4054607
ili_emb   0.2031191 0.2451231
ili_ent   0.3211470 0.2794138
ili_pro   0.2768228 0.3115389
leadChal  0.1766457 0.3590429
tfl_id    0.3354773 0.4641862
tfl_insp  0.4176870 0.5551412
tfl_int   0.1923360 0.1818211
tfl_pers  0.4879765 0.5563709
tfl_sup   1.0000000 0.3643949
tfl_vis   0.3643949 1.0000000
