             auth_bp   auth_imp    auth_rt   auth_sa  ili_champ     ili_emb
auth_bp   1.00000000 0.47526444 0.61105611 0.6194648 0.16936590  0.09301941
auth_imp  0.47526444 1.00000000 0.53889969 0.5848195 0.31146441  0.05538342
auth_rt   0.61105611 0.53889969 1.00000000 0.7319387 0.23011412  0.08231708
auth_sa   0.61946481 0.58481949 0.73193869 1.0000000 0.24827914  0.11329331
ili_champ 0.16936590 0.31146441 0.23011412 0.2482791 1.00000000  0.49240426
ili_emb   0.09301941 0.05538342 0.08231708 0.1132933 0.49240426  1.00000000
ili_ent   0.14074043 0.14630829 0.18023685 0.1941433 0.69322864  0.59766884
ili_pro   0.17730894 0.30152167 0.20320970 0.2421566 0.68919887  0.48197396
leadChal  0.19772659 0.32173534 0.23120631 0.2396461 0.29963986  0.21883959
tfl_id    0.28487097 0.44974521 0.24927902 0.3238072 0.22446680  0.11739316
tfl_insp  0.41855468 0.33726422 0.35000825 0.3549240 0.21629635  0.24284020
tfl_int   0.33723489 0.27841927 0.29708926 0.2742224 0.21867390  0.26738454
tfl_pers  0.31014082 0.41404686 0.20365014 0.3115417 0.16177346  0.08630132
tfl_sup   0.39875842 0.34633324 0.31128306 0.4520150 0.06651924 -0.02643403
tfl_vis   0.32636587 0.44738726 0.43258015 0.3749189 0.29471299  0.15585145
            ili_ent   ili_pro  leadChal    tfl_id  tfl_insp   tfl_int
auth_bp   0.1407404 0.1773089 0.1977266 0.2848710 0.4185547 0.3372349
auth_imp  0.1463083 0.3015217 0.3217353 0.4497452 0.3372642 0.2784193
auth_rt   0.1802369 0.2032097 0.2312063 0.2492790 0.3500082 0.2970893
auth_sa   0.1941433 0.2421566 0.2396461 0.3238072 0.3549240 0.2742224
ili_champ 0.6932286 0.6891989 0.2996399 0.2244668 0.2162964 0.2186739
ili_emb   0.5976688 0.4819740 0.2188396 0.1173932 0.2428402 0.2673845
ili_ent   1.0000000 0.6693397 0.1777044 0.2393497 0.2995737 0.2501812
ili_pro   0.6693397 1.0000000 0.2730857 0.3619886 0.3024655 0.2671118
leadChal  0.1777044 0.2730857 1.0000000 0.3883630 0.4651982 0.3665020
tfl_id    0.2393497 0.3619886 0.3883630 1.0000000 0.6129577 0.4810234
tfl_insp  0.2995737 0.3024655 0.4651982 0.6129577 1.0000000 0.7279227
tfl_int   0.2501812 0.2671118 0.3665020 0.4810234 0.7279227 1.0000000
tfl_pers  0.1588802 0.2242155 0.3510771 0.6424331 0.5720808 0.4632085
tfl_sup   0.1100354 0.1198676 0.1830119 0.4400326 0.4715928 0.3395520
tfl_vis   0.2400179 0.3098465 0.3923969 0.6088079 0.5527065 0.4283838
            tfl_pers     tfl_sup   tfl_vis
auth_bp   0.31014082  0.39875842 0.3263659
auth_imp  0.41404686  0.34633324 0.4473873
auth_rt   0.20365014  0.31128306 0.4325802
auth_sa   0.31154171  0.45201504 0.3749189
ili_champ 0.16177346  0.06651924 0.2947130
ili_emb   0.08630132 -0.02643403 0.1558515
ili_ent   0.15888023  0.11003535 0.2400179
ili_pro   0.22421550  0.11986764 0.3098465
leadChal  0.35107711  0.18301193 0.3923969
tfl_id    0.64243308  0.44003260 0.6088079
tfl_insp  0.57208078  0.47159278 0.5527065
tfl_int   0.46320849  0.33955201 0.4283838
tfl_pers  1.00000000  0.51277543 0.4770754
tfl_sup   0.51277543  1.00000000 0.2992542
tfl_vis   0.47707537  0.29925422 1.0000000
