            auth_bp   auth_imp   auth_rt   auth_sa ili_champ     ili_emb
auth_bp   1.0000000 0.50732164 0.6411647 0.6511519 0.2073314  0.11363460
auth_imp  0.5073216 1.00000000 0.5829715 0.6168111 0.3688998  0.08600962
auth_rt   0.6411647 0.58297148 1.0000000 0.7467767 0.2758708  0.11627871
auth_sa   0.6511519 0.61681113 0.7467767 1.0000000 0.3003196  0.14594245
ili_champ 0.2073314 0.36889977 0.2758708 0.3003196 1.0000000  0.52470988
ili_emb   0.1136346 0.08600962 0.1162787 0.1459424 0.5247099  1.00000000
ili_ent   0.1748722 0.19114322 0.2296473 0.2480432 0.7168945  0.62354655
ili_pro   0.2215538 0.34775727 0.2511729 0.3012155 0.7086343  0.51398597
leadChal  0.2421594 0.37001690 0.2710216 0.2880100 0.3525877  0.25912719
tfl_insp  0.4633536 0.39036544 0.3895140 0.4128822 0.2659648  0.28825725
tfl_int   0.3749005 0.31961528 0.3382735 0.3209048 0.2614152  0.30108241
tfl_pers  0.3440411 0.46197481 0.2489819 0.3585843 0.2158559  0.12664486
tfl_sup   0.4386394 0.38721593 0.3495909 0.4869192 0.1010263 -0.01838513
tfl_vis   0.3745156 0.49168403 0.4826470 0.4342211 0.3503703  0.18606726
            ili_ent   ili_pro  leadChal  tfl_insp   tfl_int  tfl_pers
auth_bp   0.1748722 0.2215538 0.2421594 0.4633536 0.3749005 0.3440411
auth_imp  0.1911432 0.3477573 0.3700169 0.3903654 0.3196153 0.4619748
auth_rt   0.2296473 0.2511729 0.2710216 0.3895140 0.3382735 0.2489819
auth_sa   0.2480432 0.3012155 0.2880100 0.4128822 0.3209048 0.3585843
ili_champ 0.7168945 0.7086343 0.3525877 0.2659648 0.2614152 0.2158559
ili_emb   0.6235465 0.5139860 0.2591272 0.2882573 0.3010824 0.1266449
ili_ent   1.0000000 0.6952897 0.2236899 0.3549630 0.2952964 0.2080839
ili_pro   0.6952897 1.0000000 0.3216064 0.3644390 0.3137568 0.2773242
leadChal  0.2236899 0.3216064 1.0000000 0.5101290 0.4100964 0.3874640
tfl_insp  0.3549630 0.3644390 0.5101290 1.0000000 0.7449126 0.6159521
tfl_int   0.2952964 0.3137568 0.4100964 0.7449126 1.0000000 0.5032350
tfl_pers  0.2080839 0.2773242 0.3874640 0.6159521 0.5032350 1.0000000
tfl_sup   0.1515847 0.1668824 0.2237733 0.5138667 0.3874683 0.5624545
tfl_vis   0.3024929 0.3586040 0.4351113 0.5989934 0.4829967 0.5252222
              tfl_sup   tfl_vis
auth_bp    0.43863935 0.3745156
auth_imp   0.38721593 0.4916840
auth_rt    0.34959094 0.4826470
auth_sa    0.48691918 0.4342211
ili_champ  0.10102627 0.3503703
ili_emb   -0.01838513 0.1860673
ili_ent    0.15158470 0.3024929
ili_pro    0.16688241 0.3586040
leadChal   0.22377326 0.4351113
tfl_insp   0.51386666 0.5989934
tfl_int    0.38746828 0.4829967
tfl_pers   0.56245447 0.5252222
tfl_sup    1.00000000 0.3505171
tfl_vis    0.35051713 1.0000000
