           auth_bp  auth_imp   auth_rt   auth_sa       ili  leadChal       lnr
auth_bp  1.0000000 0.2834978 0.3805920 0.4183248 0.4853287 0.4095128 0.1169647
auth_imp 0.2834978 1.0000000 0.3742883 0.3704856 0.4988976 0.4590419 0.1984974
auth_rt  0.3805920 0.3742883 1.0000000 0.4495690 0.5126455 0.4499577 0.1382428
auth_sa  0.4183248 0.3704856 0.4495690 1.0000000 0.6140564 0.4979030 0.1436886
ili      0.4853287 0.4988976 0.5126455 0.6140564 1.0000000 0.6544218 0.2816535
leadChal 0.4095128 0.4590419 0.4499577 0.4979030 0.6544218 1.0000000 0.4247338
lnr      0.1169647 0.1984974 0.1382428 0.1436886 0.2816535 0.4247338 1.0000000
tfl_id   0.3311493 0.4362767 0.3572193 0.4247469 0.6397060 0.5282720 0.3190933
tfl_insp 0.3926486 0.3507609 0.3616354 0.5034090 0.7359109 0.5071431 0.2297254
tfl_int  0.3334058 0.2657904 0.3265467 0.4690382 0.5161088 0.5270384 0.1330695
tfl_pers 0.3424295 0.3529222 0.3083242 0.3672331 0.3941135 0.2881531 0.1177490
tfl_sup  0.3894574 0.3085013 0.1696332 0.3685438 0.4832156 0.1742356 0.0624038
tfl_vis  0.2033635 0.2326415 0.2979971 0.2672933 0.5016571 0.4851094 0.2336018
            tfl_id  tfl_insp   tfl_int  tfl_pers    tfl_sup    tfl_vis
auth_bp  0.3311493 0.3926486 0.3334058 0.3424295 0.38945736 0.20336346
auth_imp 0.4362767 0.3507609 0.2657904 0.3529222 0.30850133 0.23264155
auth_rt  0.3572193 0.3616354 0.3265467 0.3083242 0.16963321 0.29799712
auth_sa  0.4247469 0.5034090 0.4690382 0.3672331 0.36854378 0.26729331
ili      0.6397060 0.7359109 0.5161088 0.3941135 0.48321557 0.50165710
leadChal 0.5282720 0.5071431 0.5270384 0.2881531 0.17423556 0.48510939
lnr      0.3190933 0.2297254 0.1330695 0.1177490 0.06240380 0.23360177
tfl_id   1.0000000 0.4775631 0.2965476 0.3040037 0.18212708 0.41512010
tfl_insp 0.4775631 1.0000000 0.5261250 0.4914021 0.43466731 0.43225668
tfl_int  0.2965476 0.5261250 1.0000000 0.3425779 0.27684590 0.33710960
tfl_pers 0.3040037 0.4914021 0.3425779 1.0000000 0.33630286 0.13293814
tfl_sup  0.1821271 0.4346673 0.2768459 0.3363029 1.00000000 0.05610993
tfl_vis  0.4151201 0.4322567 0.3371096 0.1329381 0.05610993 1.00000000
