            auth_bp   auth_imp   auth_rt   auth_sa ili_champ      ili_emb
auth_bp   1.0000000 0.51216674 0.6381081 0.6481325 0.2136786  0.132497244
auth_imp  0.5121667 1.00000000 0.5713737 0.6192562 0.3626827  0.090789356
auth_rt   0.6381081 0.57137366 1.0000000 0.7504288 0.2853289  0.123655478
auth_sa   0.6481325 0.61925624 0.7504288 1.0000000 0.3052496  0.154680859
ili_champ 0.2136786 0.36268270 0.2853289 0.3052496 1.0000000  0.531991483
ili_emb   0.1324972 0.09078936 0.1236555 0.1546809 0.5319915  1.000000000
ili_ent   0.1824377 0.19189539 0.2332283 0.2439783 0.7141802  0.633534393
ili_pro   0.2243708 0.35262219 0.2512716 0.2951721 0.7183247  0.522822942
leadChal  0.2373252 0.36553624 0.2696760 0.2795931 0.3447129  0.261119061
tfl_insp  0.4652649 0.38588291 0.4025094 0.4066148 0.2691666  0.295269861
tfl_int   0.3870380 0.32553094 0.3431355 0.3248117 0.2691300  0.313514969
tfl_pers  0.3524758 0.45677930 0.2474975 0.3564811 0.2040430  0.122449753
tfl_sup   0.4396816 0.39101151 0.3578554 0.4944474 0.1048497 -0.004726265
tfl_vis   0.3703880 0.48795024 0.4760122 0.4177548 0.3469606  0.195183336
            ili_ent   ili_pro  leadChal  tfl_insp   tfl_int  tfl_pers
auth_bp   0.1824377 0.2243708 0.2373252 0.4652649 0.3870380 0.3524758
auth_imp  0.1918954 0.3526222 0.3655362 0.3858829 0.3255309 0.4567793
auth_rt   0.2332283 0.2512716 0.2696760 0.4025094 0.3431355 0.2474975
auth_sa   0.2439783 0.2951721 0.2795931 0.4066148 0.3248117 0.3564811
ili_champ 0.7141802 0.7183247 0.3447129 0.2691666 0.2691300 0.2040430
ili_emb   0.6335344 0.5228229 0.2611191 0.2952699 0.3135150 0.1224498
ili_ent   1.0000000 0.6972644 0.2266753 0.3549191 0.3022306 0.2061141
ili_pro   0.6972644 1.0000000 0.3217708 0.3596334 0.3205498 0.2721328
leadChal  0.2266753 0.3217708 1.0000000 0.5065025 0.4092376 0.3934716
tfl_insp  0.3549191 0.3596334 0.5065025 1.0000000 0.7491965 0.6072776
tfl_int   0.3022306 0.3205498 0.4092376 0.7491965 1.0000000 0.5040514
tfl_pers  0.2061141 0.2721328 0.3934716 0.6072776 0.5040514 1.0000000
tfl_sup   0.1477712 0.1611029 0.2222954 0.5128231 0.3867523 0.5461422
tfl_vis   0.2873865 0.3634265 0.4307827 0.5897397 0.4707798 0.5119079
               tfl_sup   tfl_vis
auth_bp    0.439681633 0.3703880
auth_imp   0.391011507 0.4879502
auth_rt    0.357855386 0.4760122
auth_sa    0.494447413 0.4177548
ili_champ  0.104849681 0.3469606
ili_emb   -0.004726265 0.1951833
ili_ent    0.147771180 0.2873865
ili_pro    0.161102927 0.3634265
leadChal   0.222295388 0.4307827
tfl_insp   0.512823142 0.5897397
tfl_int    0.386752328 0.4707798
tfl_pers   0.546142235 0.5119079
tfl_sup    1.000000000 0.3428546
tfl_vis    0.342854586 1.0000000
