           auth_bp  auth_imp   auth_rt   auth_sa       ili  leadChal    tfl_id
auth_bp  1.0000000 0.4221527 0.5653434 0.6441706 0.3786089 0.3468826 0.3170781
auth_imp 0.4221527 1.0000000 0.5003826 0.4090757 0.4109713 0.3222986 0.5480980
auth_rt  0.5653434 0.5003826 1.0000000 0.6176884 0.4348439 0.4525501 0.4270115
auth_sa  0.6441706 0.4090757 0.6176884 1.0000000 0.4680346 0.3841182 0.3344359
ili      0.3786089 0.4109713 0.4348439 0.4680346 1.0000000 0.4498865 0.5049581
leadChal 0.3468826 0.3222986 0.4525501 0.3841182 0.4498865 1.0000000 0.4059172
tfl_id   0.3170781 0.5480980 0.4270115 0.3344359 0.5049581 0.4059172 1.0000000
tfl_insp 0.4791482 0.4422283 0.4899200 0.4781457 0.5690910 0.4674991 0.5661981
tfl_int  0.4702400 0.2899623 0.3499201 0.3679511 0.4330917 0.4090165 0.3636990
tfl_pers 0.3272467 0.4152846 0.4169575 0.3349338 0.4523708 0.3226634 0.5647112
tfl_sup  0.3648812 0.3895533 0.3814299 0.3074711 0.4829091 0.3407381 0.4528220
tfl_vis  0.3893133 0.4867536 0.4538189 0.4090960 0.5172403 0.4779381 0.5539262
          tfl_insp   tfl_int  tfl_pers   tfl_sup   tfl_vis
auth_bp  0.4791482 0.4702400 0.3272467 0.3648812 0.3893133
auth_imp 0.4422283 0.2899623 0.4152846 0.3895533 0.4867536
auth_rt  0.4899200 0.3499201 0.4169575 0.3814299 0.4538189
auth_sa  0.4781457 0.3679511 0.3349338 0.3074711 0.4090960
ili      0.5690910 0.4330917 0.4523708 0.4829091 0.5172403
leadChal 0.4674991 0.4090165 0.3226634 0.3407381 0.4779381
tfl_id   0.5661981 0.3636990 0.5647112 0.4528220 0.5539262
tfl_insp 1.0000000 0.5692288 0.6865008 0.5212746 0.6395209
tfl_int  0.5692288 1.0000000 0.3830387 0.3515480 0.3372202
tfl_pers 0.6865008 0.3830387 1.0000000 0.5862280 0.6321853
tfl_sup  0.5212746 0.3515480 0.5862280 1.0000000 0.4845075
tfl_vis  0.6395209 0.3372202 0.6321853 0.4845075 1.0000000
