           auth_bp  auth_imp   auth_rt   auth_sa       ili  leadChal    tfl_id
auth_bp  1.0000000 0.3605258 0.5243849 0.6101635 0.3083244 0.2777973 0.2399958
auth_imp 0.3605258 1.0000000 0.4561708 0.3537898 0.3424843 0.2565237 0.5134249
auth_rt  0.5243849 0.4561708 1.0000000 0.5766917 0.3777209 0.3957515 0.3702665
auth_sa  0.6101635 0.3537898 0.5766917 1.0000000 0.4094645 0.3220833 0.2610128
ili      0.3083244 0.3424843 0.3777209 0.4094645 1.0000000 0.4043663 0.4576506
leadChal 0.2777973 0.2565237 0.3957515 0.3220833 0.4043663 1.0000000 0.3496677
tfl_id   0.2399958 0.5134249 0.3702665 0.2610128 0.4576506 0.3496677 1.0000000
tfl_insp 0.4238852 0.3797606 0.4419017 0.4148392 0.5272464 0.4116267 0.5215006
tfl_int  0.4138398 0.2156310 0.2759500 0.2965422 0.3741167 0.3521430 0.2961790
tfl_pers 0.2516405 0.3540871 0.3556660 0.2681432 0.4009047 0.2545816 0.5210991
tfl_sup  0.2979218 0.3384455 0.3173637 0.2303399 0.4375434 0.2745174 0.4026850
tfl_vis  0.3259217 0.4333437 0.4010700 0.3423757 0.4689316 0.4308865 0.5072410
          tfl_insp   tfl_int  tfl_pers   tfl_sup   tfl_vis
auth_bp  0.4238852 0.4138398 0.2516405 0.2979218 0.3259217
auth_imp 0.3797606 0.2156310 0.3540871 0.3384455 0.4333437
auth_rt  0.4419017 0.2759500 0.3556660 0.3173637 0.4010700
auth_sa  0.4148392 0.2965422 0.2681432 0.2303399 0.3423757
ili      0.5272464 0.3741167 0.4009047 0.4375434 0.4689316
leadChal 0.4116267 0.3521430 0.2545816 0.2745174 0.4308865
tfl_id   0.5215006 0.2961790 0.5210991 0.4026850 0.5072410
tfl_insp 1.0000000 0.5332403 0.6495753 0.4809925 0.6064064
tfl_int  0.5332403 1.0000000 0.3269167 0.2849897 0.2695902
tfl_pers 0.6495753 0.3269167 1.0000000 0.5424182 0.5987650
tfl_sup  0.4809925 0.2849897 0.5424182 1.0000000 0.4328443
tfl_vis  0.6064064 0.2695902 0.5987650 0.4328443 1.0000000
