            auth_bp  auth_imp   auth_rt   auth_sa ili_champ   ili_emb   ili_ent
auth_bp   1.0000000 0.3598849 0.5202465 0.6040931 0.2941596 0.1860148 0.3120577
auth_imp  0.3598849 1.0000000 0.4534709 0.3553724 0.3916949 0.1141218 0.3482682
auth_rt   0.5202465 0.4534709 1.0000000 0.5690438 0.3782463 0.2500728 0.3310149
auth_sa   0.6040931 0.3553724 0.5690438 1.0000000 0.3456154 0.3150404 0.3758637
ili_champ 0.2941596 0.3916949 0.3782463 0.3456154 1.0000000 0.4895927 0.5093487
ili_emb   0.1860148 0.1141218 0.2500728 0.3150404 0.4895927 1.0000000 0.5799688
ili_ent   0.3120577 0.3482682 0.3310149 0.3758637 0.5093487 0.5799688 1.0000000
ili_pro   0.2235040 0.2918066 0.2701511 0.3028638 0.5557673 0.4909442 0.6266233
leadChal  0.2750534 0.2547255 0.3896563 0.3148769 0.3470945 0.3790406 0.3022296
tfl_id    0.2380821 0.5097177 0.3635542 0.2574797 0.4392325 0.2482149 0.3799566
tfl_insp  0.4211829 0.3784118 0.4357227 0.4093377 0.4881451 0.3734964 0.4728608
tfl_int   0.4137215 0.2181428 0.2740435 0.2953243 0.3138782 0.3423096 0.3510667
tfl_pers  0.2527374 0.3566494 0.3535506 0.2684065 0.4293366 0.2445656 0.3634047
tfl_sup   0.2949991 0.3382345 0.3122206 0.2285171 0.4087259 0.2890371 0.3924632
tfl_vis   0.3230279 0.4358389 0.3961316 0.3391150 0.4613730 0.3310029 0.3514056
            ili_pro  leadChal    tfl_id  tfl_insp   tfl_int  tfl_pers   tfl_sup
auth_bp   0.2235040 0.2750534 0.2380821 0.4211829 0.4137215 0.2527374 0.2949991
auth_imp  0.2918066 0.2547255 0.5097177 0.3784118 0.2181428 0.3566494 0.3382345
auth_rt   0.2701511 0.3896563 0.3635542 0.4357227 0.2740435 0.3535506 0.3122206
auth_sa   0.3028638 0.3148769 0.2574797 0.4093377 0.2953243 0.2684065 0.2285171
ili_champ 0.5557673 0.3470945 0.4392325 0.4881451 0.3138782 0.4293366 0.4087259
ili_emb   0.4909442 0.3790406 0.2482149 0.3734964 0.3423096 0.2445656 0.2890371
ili_ent   0.6266233 0.3022296 0.3799566 0.4728608 0.3510667 0.3634047 0.3924632
ili_pro   1.0000000 0.2831418 0.4286264 0.3916178 0.2267897 0.2730028 0.3522407
leadChal  0.2831418 1.0000000 0.3443460 0.4034572 0.3479243 0.2495680 0.2702116
tfl_id    0.4286264 0.3443460 1.0000000 0.5182464 0.2988038 0.5202766 0.4022699
tfl_insp  0.3916178 0.4034572 0.5182464 1.0000000 0.5326510 0.6436024 0.4758349
tfl_int   0.2267897 0.3479243 0.2988038 0.5326510 1.0000000 0.3247884 0.2826739
tfl_pers  0.2730028 0.2495680 0.5202766 0.6436024 0.3247884 1.0000000 0.5385859
tfl_sup   0.3522407 0.2702116 0.4022699 0.4758349 0.2826739 0.5385859 1.0000000
tfl_vis   0.3931044 0.4292363 0.5053454 0.6019920 0.2714187 0.5969120 0.4352415
            tfl_vis
auth_bp   0.3230279
auth_imp  0.4358389
auth_rt   0.3961316
auth_sa   0.3391150
ili_champ 0.4613730
ili_emb   0.3310029
ili_ent   0.3514056
ili_pro   0.3931044
leadChal  0.4292363
tfl_id    0.5053454
tfl_insp  0.6019920
tfl_int   0.2714187
tfl_pers  0.5969120
tfl_sup   0.4352415
tfl_vis   1.0000000
