             auth_bp    auth_imp   auth_rt   auth_sa ili_champ     ili_emb
auth_bp   1.00000000  0.28001907 0.4580812 0.5624884 0.2068702  0.07605328
auth_imp  0.28001907  1.00000000 0.3859073 0.2709213 0.3078811 -0.01448252
auth_rt   0.45808117  0.38590729 1.0000000 0.5232822 0.3017409  0.15466502
auth_sa   0.56248843  0.27092134 0.5232822 1.0000000 0.2640584  0.22783888
ili_champ 0.20687024  0.30788114 0.3017409 0.2640584 1.0000000  0.42647059
ili_emb   0.07605328 -0.01448252 0.1546650 0.2278389 0.4264706  1.00000000
ili_ent   0.22299916  0.25647718 0.2415551 0.2946840 0.4515489  0.53740860
ili_pro   0.12011098  0.19222088 0.1719949 0.2128716 0.5022091  0.43130001
leadChal  0.17939274  0.15600052 0.3100024 0.2318983 0.2688848  0.30799935
tfl_insp  0.35444303  0.29896242 0.3674443 0.3409627 0.4265253  0.29790411
tfl_int   0.34182247  0.11085814 0.1760729 0.2052761 0.2307367  0.25984479
tfl_pers  0.15341538  0.27492965 0.2725170 0.1775296 0.3620717  0.14324511
tfl_sup   0.20404045  0.25176587 0.2287617 0.1263457 0.3319561  0.19459078
tfl_vis   0.24091878  0.36577238 0.3182311 0.2602551 0.3974769  0.24417286
            ili_ent   ili_pro  leadChal  tfl_insp   tfl_int  tfl_pers   tfl_sup
auth_bp   0.2229992 0.1201110 0.1793927 0.3544430 0.3418225 0.1534154 0.2040404
auth_imp  0.2564772 0.1922209 0.1560005 0.2989624 0.1108581 0.2749297 0.2517659
auth_rt   0.2415551 0.1719949 0.3100024 0.3674443 0.1760729 0.2725170 0.2287617
auth_sa   0.2946840 0.2128716 0.2318983 0.3409627 0.2052761 0.1775296 0.1263457
ili_champ 0.4515489 0.5022091 0.2688848 0.4265253 0.2307367 0.3620717 0.3319561
ili_emb   0.5374086 0.4313000 0.3079994 0.2979041 0.2598448 0.1432451 0.1945908
ili_ent   1.0000000 0.5879048 0.2125642 0.4072042 0.2656004 0.2826236 0.3149191
ili_pro   0.5879048 1.0000000 0.1892680 0.3167045 0.1231125 0.1733886 0.2660912
leadChal  0.2125642 0.1892680 1.0000000 0.3310137 0.2678326 0.1487333 0.1736247
tfl_insp  0.4072042 0.3167045 0.3310137 1.0000000 0.4805388 0.6061083 0.4157403
tfl_int   0.2656004 0.1231125 0.2678326 0.4805388 1.0000000 0.2415091 0.1920413
tfl_pers  0.2826236 0.1733886 0.1487333 0.6061083 0.2415091 1.0000000 0.4861688
tfl_sup   0.3149191 0.2660912 0.1736247 0.4157403 0.1920413 0.4861688 1.0000000
tfl_vis   0.2676205 0.3148081 0.3632650 0.5569124 0.1728782 0.5480780 0.3596166
            tfl_vis
auth_bp   0.2409188
auth_imp  0.3657724
auth_rt   0.3182311
auth_sa   0.2602551
ili_champ 0.3974769
ili_emb   0.2441729
ili_ent   0.2676205
ili_pro   0.3148081
leadChal  0.3632650
tfl_insp  0.5569124
tfl_int   0.1728782
tfl_pers  0.5480780
tfl_sup   0.3596166
tfl_vis   1.0000000
