Estimating optimal shrinkage intensity lambda (correlation matrix): 0.0416 

           auth_bp  auth_imp   auth_rt   auth_sa       ili  leadChal        lnr
auth_bp  1.0000000 0.2857510 0.3850863 0.4207413 0.4822707 0.4109694 0.11684806
auth_imp 0.2857510 1.0000000 0.3754833 0.3709744 0.4931080 0.4576911 0.20070956
auth_rt  0.3850863 0.3754833 1.0000000 0.4511834 0.5082588 0.4498502 0.14318938
auth_sa  0.4207413 0.3709744 0.4511834 1.0000000 0.6055648 0.4923071 0.14173853
ili      0.4822707 0.4931080 0.5082588 0.6055648 1.0000000 0.6412426 0.28081906
leadChal 0.4109694 0.4576911 0.4498502 0.4923071 0.6412426 1.0000000 0.42642247
lnr      0.1168481 0.2007096 0.1431894 0.1417385 0.2808191 0.4264225 1.00000000
tfl_id   0.3318921 0.4345282 0.3588460 0.4203064 0.6296927 0.5226136 0.32249186
tfl_insp 0.3916036 0.3485842 0.3596029 0.4990436 0.7205649 0.4989966 0.23141509
tfl_int  0.3364880 0.2687587 0.3295650 0.4679537 0.5102260 0.5241343 0.13483834
tfl_pers 0.3442274 0.3536109 0.3081065 0.3675336 0.3887834 0.2866020 0.12035000
tfl_sup  0.3905657 0.3073275 0.1686850 0.3713303 0.4772516 0.1725729 0.06168641
tfl_vis  0.2078963 0.2340771 0.3010027 0.2680437 0.4963715 0.4834226 0.23768817
            tfl_id  tfl_insp   tfl_int  tfl_pers    tfl_sup    tfl_vis
auth_bp  0.3318921 0.3916036 0.3364880 0.3442274 0.39056567 0.20789626
auth_imp 0.4345282 0.3485842 0.2687587 0.3536109 0.30732755 0.23407712
auth_rt  0.3588460 0.3596029 0.3295650 0.3081065 0.16868503 0.30100271
auth_sa  0.4203064 0.4990436 0.4679537 0.3675336 0.37133028 0.26804367
ili      0.6296927 0.7205649 0.5102260 0.3887834 0.47725158 0.49637147
leadChal 0.5226136 0.4989966 0.5241343 0.2866020 0.17257294 0.48342260
lnr      0.3224919 0.2314151 0.1348383 0.1203500 0.06168641 0.23768817
tfl_id   1.0000000 0.4737855 0.2978051 0.3066099 0.18047041 0.41476990
tfl_insp 0.4737855 1.0000000 0.5216125 0.4877198 0.43172273 0.43050250
tfl_int  0.2978051 0.5216125 1.0000000 0.3429359 0.27528491 0.33803080
tfl_pers 0.3066099 0.4877198 0.3429359 1.0000000 0.33450149 0.13289962
tfl_sup  0.1804704 0.4317227 0.2752849 0.3345015 1.00000000 0.05586485
tfl_vis  0.4147699 0.4305025 0.3380308 0.1328996 0.05586485 1.00000000
attr(,"lambda")
[1] 0.04160115
attr(,"lambda.estimated")
[1] TRUE
attr(,"class")
[1] "shrinkage"
