             auth_bp   auth_imp    auth_rt   auth_sa ili_champ    ili_emb
auth_bp   1.00000000 0.40128355 0.52796507 0.6158028 0.2636881 0.06977256
auth_imp  0.40128355 1.00000000 0.48643249 0.3793297 0.3107128 0.03087895
auth_rt   0.52796507 0.48643249 1.00000000 0.5701796 0.2299678 0.07014320
auth_sa   0.61580279 0.37932971 0.57017956 1.0000000 0.2035104 0.09481130
ili_champ 0.26368809 0.31071276 0.22996785 0.2035104 1.0000000 0.40048436
ili_emb   0.06977256 0.03087895 0.07014320 0.0948113 0.4004844 1.00000000
ili_ent   0.21170566 0.21565100 0.14163192 0.2305151 0.3319710 0.45887842
ili_pro   0.12504284 0.12595640 0.09448517 0.1659153 0.4111408 0.35324490
ili       0.20670597 0.21188488 0.16428328 0.2267110 0.7216858 0.72033905
leadChal  0.31821521 0.31702657 0.35545487 0.2843012 0.2483866 0.35666438
tfl_insp  0.40648417 0.33129845 0.39533159 0.3526644 0.3907505 0.26159274
tfl_int   0.42082758 0.25095112 0.28148296 0.2824141 0.2924674 0.33420216
tfl_pers  0.27298525 0.32273486 0.34241494 0.2583078 0.3653154 0.14201700
tfl_sup   0.30825966 0.32767883 0.28469521 0.2411063 0.3600334 0.22701401
tfl_vis   0.32832763 0.40108749 0.36509566 0.2983012 0.3694400 0.25809292
            ili_ent    ili_pro       ili  leadChal  tfl_insp   tfl_int
auth_bp   0.2117057 0.12504284 0.2067060 0.3182152 0.4064842 0.4208276
auth_imp  0.2156510 0.12595640 0.2118849 0.3170266 0.3312985 0.2509511
auth_rt   0.1416319 0.09448517 0.1642833 0.3554549 0.3953316 0.2814830
auth_sa   0.2305151 0.16591532 0.2267110 0.2843012 0.3526644 0.2824141
ili_champ 0.3319710 0.41114081 0.7216858 0.2483866 0.3907505 0.2924674
ili_emb   0.4588784 0.35324490 0.7203391 0.3566644 0.2615927 0.3342022
ili_ent   1.0000000 0.48736291 0.7144249 0.2240235 0.3361214 0.2783071
ili_pro   0.4873629 1.00000000 0.7629821 0.2251018 0.2731161 0.1771066
ili       0.7144249 0.76298205 1.0000000 0.3351540 0.4030401 0.3401703
leadChal  0.2240235 0.22510176 0.3351540 1.0000000 0.3686402 0.3450685
tfl_insp  0.3361214 0.27311608 0.4030401 0.3686402 1.0000000 0.5139051
tfl_int   0.2783071 0.17710657 0.3401703 0.3450685 0.5139051 1.0000000
tfl_pers  0.3244694 0.18429045 0.2934668 0.2257221 0.6562397 0.3346753
tfl_sup   0.3084869 0.27472255 0.3622931 0.2598538 0.4578291 0.2824900
tfl_vis   0.2419592 0.31280011 0.3698629 0.3972829 0.6074666 0.2681672
           tfl_pers   tfl_sup   tfl_vis
auth_bp   0.2729853 0.3082597 0.3283276
auth_imp  0.3227349 0.3276788 0.4010875
auth_rt   0.3424149 0.2846952 0.3650957
auth_sa   0.2583078 0.2411063 0.2983012
ili_champ 0.3653154 0.3600334 0.3694400
ili_emb   0.1420170 0.2270140 0.2580929
ili_ent   0.3244694 0.3084869 0.2419592
ili_pro   0.1842904 0.2747225 0.3128001
ili       0.2934668 0.3622931 0.3698629
leadChal  0.2257221 0.2598538 0.3972829
tfl_insp  0.6562397 0.4578291 0.6074666
tfl_int   0.3346753 0.2824900 0.2681672
tfl_pers  1.0000000 0.5372297 0.6261675
tfl_sup   0.5372297 1.0000000 0.4243749
tfl_vis   0.6261675 0.4243749 1.0000000
