            auth_bp  auth_imp   auth_rt   auth_sa ili_champ   ili_emb   ili_ent
auth_bp   1.0000000 0.2826769 0.3808396 0.4181623 0.3121755 0.3721482 0.4527473
auth_imp  0.2826769 1.0000000 0.3710117 0.3679284 0.3885965 0.3121431 0.4106494
auth_rt   0.3808396 0.3710117 1.0000000 0.4483636 0.4805097 0.3839552 0.4086464
auth_sa   0.4181623 0.3679284 0.4483636 1.0000000 0.4449015 0.5014683 0.4965518
ili_champ 0.3121755 0.3885965 0.4805097 0.4449015 1.0000000 0.4005243 0.5670267
ili_emb   0.3721482 0.3121431 0.3839552 0.5014683 0.4005243 1.0000000 0.5233432
ili_ent   0.4527473 0.4106494 0.4086464 0.4965518 0.5670267 0.5233432 1.0000000
ili_pro   0.4205344 0.4762950 0.3810130 0.5125861 0.5337453 0.4762785 0.6339927
leadChal  0.4111847 0.4571198 0.4506970 0.4933674 0.4872554 0.5051498 0.5585790
lnr       0.1148766 0.1963334 0.1403537 0.1389152 0.2294080 0.1538834 0.2816908
tfl_insp  0.3917144 0.3480059 0.3609485 0.4995910 0.5299737 0.5560099 0.6661380
tfl_int   0.3342533 0.2660017 0.3272016 0.4648357 0.3926415 0.4445175 0.4802110
tfl_pers  0.3410200 0.3492290 0.3059347 0.3656280 0.3314571 0.2033984 0.4325476
tfl_sup   0.3873723 0.3048664 0.1672879 0.3686895 0.3822487 0.4026757 0.3881117
tfl_vis   0.2063369 0.2313414 0.2988358 0.2657940 0.3206924 0.4389488 0.3558200
            ili_pro  leadChal       lnr  tfl_insp   tfl_int  tfl_pers
auth_bp   0.4205344 0.4111847 0.1148766 0.3917144 0.3342533 0.3410200
auth_imp  0.4762950 0.4571198 0.1963334 0.3480059 0.2660017 0.3492290
auth_rt   0.3810130 0.4506970 0.1403537 0.3609485 0.3272016 0.3059347
auth_sa   0.5125861 0.4933674 0.1389152 0.4995910 0.4648357 0.3656280
ili_champ 0.5337453 0.4872554 0.2294080 0.5299737 0.3926415 0.3314571
ili_emb   0.4762785 0.5051498 0.1538834 0.5560099 0.4445175 0.2033984
ili_ent   0.6339927 0.5585790 0.2816908 0.6661380 0.4802110 0.4325476
ili_pro   1.0000000 0.5440999 0.2422220 0.6045617 0.3488049 0.3057841
leadChal  0.5440999 1.0000000 0.4230672 0.5040930 0.5246767 0.2870059
lnr       0.2422220 0.4230672 1.0000000 0.2290996 0.1322380 0.1172136
tfl_insp  0.6045617 0.5040930 0.2290996 1.0000000 0.5232711 0.4871115
tfl_int   0.3488049 0.5246767 0.1322380 0.5232711 1.0000000 0.3400269
tfl_pers  0.3057841 0.2870059 0.1172136 0.4871115 0.3400269 1.0000000
tfl_sup   0.3727564 0.1731826 0.0598818 0.4323609 0.2734364 0.3308150
tfl_vis   0.4718586 0.4837556 0.2346407 0.4321780 0.3361591 0.1325089
             tfl_sup    tfl_vis
auth_bp   0.38737226 0.20633693
auth_imp  0.30486644 0.23134136
auth_rt   0.16728786 0.29883576
auth_sa   0.36868950 0.26579400
ili_champ 0.38224866 0.32069241
ili_emb   0.40267566 0.43894879
ili_ent   0.38811173 0.35581998
ili_pro   0.37275643 0.47185860
leadChal  0.17318258 0.48375563
lnr       0.05988180 0.23464067
tfl_insp  0.43236088 0.43217799
tfl_int   0.27343643 0.33615914
tfl_pers  0.33081503 0.13250887
tfl_sup   1.00000000 0.05628814
tfl_vis   0.05628814 1.00000000
