            auth_bp  auth_imp   auth_rt   auth_sa ili_champ   ili_emb   ili_ent
auth_bp   1.0000000 0.3466743 0.4316729 0.4737046 0.3734579 0.4256984 0.5032358
auth_imp  0.3466743 1.0000000 0.4311252 0.4198500 0.4423659 0.3740231 0.4519545
auth_rt   0.4316729 0.4311252 1.0000000 0.4997936 0.5226842 0.4359156 0.4630417
auth_sa   0.4737046 0.4198500 0.4997936 1.0000000 0.4985036 0.5391821 0.5426355
ili_champ 0.3734579 0.4423659 0.5226842 0.4985036 1.0000000 0.4520635 0.6049657
ili_emb   0.4256984 0.3740231 0.4359156 0.5391821 0.4520635 1.0000000 0.5618949
ili_ent   0.5032358 0.4519545 0.4630417 0.5426355 0.6049657 0.5618949 1.0000000
ili_pro   0.4787208 0.5187642 0.4401669 0.5566750 0.5685214 0.5259209 0.6536654
leadChal  0.4588637 0.5057172 0.4919019 0.5353727 0.5259977 0.5401219 0.5904938
lnr       0.1960168 0.2715004 0.2287467 0.2265786 0.3024450 0.2447843 0.3471868
tfl_id    0.3940106 0.4784687 0.4215717 0.4721844 0.5626193 0.4008646 0.5772955
tfl_insp  0.4420531 0.4028294 0.4120320 0.5441210 0.5764133 0.5849305 0.6929088
tfl_int   0.3914172 0.3317119 0.3856354 0.5125273 0.4474218 0.4903314 0.5285129
tfl_pers  0.3940862 0.4083780 0.3703673 0.4265148 0.3995832 0.2769190 0.4849384
tfl_sup   0.4454069 0.3635023 0.2490670 0.4255624 0.4421039 0.4467809 0.4345578
tfl_vis   0.2833173 0.2966292 0.3663714 0.3350401 0.3843935 0.4885335 0.4014145
            ili_pro  leadChal       lnr    tfl_id  tfl_insp   tfl_int  tfl_pers
auth_bp   0.4787208 0.4588637 0.1960168 0.3940106 0.4420531 0.3914172 0.3940862
auth_imp  0.5187642 0.5057172 0.2715004 0.4784687 0.4028294 0.3317119 0.4083780
auth_rt   0.4401669 0.4919019 0.2287467 0.4215717 0.4120320 0.3856354 0.3703673
auth_sa   0.5566750 0.5353727 0.2265786 0.4721844 0.5441210 0.5125273 0.4265148
ili_champ 0.5685214 0.5259977 0.3024450 0.5626193 0.5764133 0.4474218 0.3995832
ili_emb   0.5259209 0.5401219 0.2447843 0.4008646 0.5849305 0.4903314 0.2769190
ili_ent   0.6536654 0.5904938 0.3471868 0.5772955 0.6929088 0.5285129 0.4849384
ili_pro   1.0000000 0.5761215 0.3119151 0.6680993 0.6435046 0.4057672 0.3734161
leadChal  0.5761215 1.0000000 0.4712695 0.5685844 0.5545297 0.5661535 0.3507206
lnr       0.3119151 0.4712695 1.0000000 0.3804190 0.3072227 0.2106806 0.2043829
tfl_id    0.6680993 0.5685844 0.3804190 1.0000000 0.5315550 0.3643101 0.3740282
tfl_insp  0.6435046 0.5545297 0.3072227 0.5315550 1.0000000 0.5654948 0.5313844
tfl_int   0.4057672 0.5661535 0.2106806 0.3643101 0.5654948 1.0000000 0.4012332
tfl_pers  0.3734161 0.3507206 0.2043829 0.3740282 0.5313844 0.4012332 1.0000000
tfl_sup   0.4319512 0.2516777 0.1530037 0.2551934 0.4864410 0.3407178 0.3892717
tfl_vis   0.5082187 0.5206929 0.3073632 0.4557810 0.4793865 0.3927709 0.2145191
            tfl_sup   tfl_vis
auth_bp   0.4454069 0.2833173
auth_imp  0.3635023 0.2966292
auth_rt   0.2490670 0.3663714
auth_sa   0.4255624 0.3350401
ili_champ 0.4421039 0.3843935
ili_emb   0.4467809 0.4885335
ili_ent   0.4345578 0.4014145
ili_pro   0.4319512 0.5082187
leadChal  0.2516777 0.5206929
lnr       0.1530037 0.3073632
tfl_id    0.2551934 0.4557810
tfl_insp  0.4864410 0.4793865
tfl_int   0.3407178 0.3927709
tfl_pers  0.3892717 0.2145191
tfl_sup   1.0000000 0.1512469
tfl_vis   0.1512469 1.0000000
