           auth_bp  auth_imp   auth_rt   auth_sa       ili  leadChal        lnr
auth_bp  1.0000000 0.2981546 0.4018017 0.4390044 0.5032046 0.4288083 0.12192007
auth_imp 0.2981546 1.0000000 0.3917819 0.3870773 0.5145123 0.4775581 0.20942175
auth_rt  0.4018017 0.3917819 1.0000000 0.4707679 0.5303208 0.4693768 0.14940479
auth_sa  0.4390044 0.3870773 0.4707679 1.0000000 0.6318505 0.5136767 0.14789096
ili      0.5032046 0.5145123 0.5303208 0.6318505 1.0000000 0.6690770 0.29300855
leadChal 0.4288083 0.4775581 0.4693768 0.5136767 0.6690770 1.0000000 0.44493216
lnr      0.1219201 0.2094217 0.1494048 0.1478910 0.2930086 0.4449322 1.00000000
tfl_id   0.3462985 0.4533897 0.3744224 0.4385506 0.6570257 0.5452987 0.33649024
tfl_insp 0.4086019 0.3637152 0.3752121 0.5207055 0.7518424 0.5206566 0.24146011
tfl_int  0.3510939 0.2804247 0.3438704 0.4882661 0.5323733 0.5468854 0.14069126
tfl_pers 0.3591692 0.3689601 0.3214805 0.3834871 0.4056593 0.2990425 0.12557402
tfl_sup  0.4075189 0.3206677 0.1760071 0.3874486 0.4979676 0.1800638 0.06436403
tfl_vis  0.2169204 0.2442377 0.3140683 0.2796786 0.5179174 0.5044065 0.24800549
            tfl_id  tfl_insp   tfl_int  tfl_pers    tfl_sup    tfl_vis
auth_bp  0.3462985 0.4086019 0.3510939 0.3591692 0.40751893 0.21692040
auth_imp 0.4533897 0.3637152 0.2804247 0.3689601 0.32066769 0.24423769
auth_rt  0.3744224 0.3752121 0.3438704 0.3214805 0.17600713 0.31406831
auth_sa  0.4385506 0.5207055 0.4882661 0.3834871 0.38744859 0.27967863
ili      0.6570257 0.7518424 0.5323733 0.4056593 0.49796761 0.51791743
leadChal 0.5452987 0.5206566 0.5468854 0.2990425 0.18006381 0.50440649
lnr      0.3364902 0.2414601 0.1406913 0.1255740 0.06436403 0.24800549
tfl_id   1.0000000 0.4943511 0.3107319 0.3199189 0.18830408 0.43277379
tfl_insp 0.4943511 1.0000000 0.5442541 0.5088902 0.45046249 0.44918930
tfl_int  0.3107319 0.5442541 1.0000000 0.3578217 0.28723418 0.35270368
tfl_pers 0.3199189 0.5088902 0.3578217 1.0000000 0.34902118 0.13866838
tfl_sup  0.1883041 0.4504625 0.2872342 0.3490212 1.00000000 0.05828977
tfl_vis  0.4327738 0.4491893 0.3527037 0.1386684 0.05828977 1.00000000
