            auth_bp  auth_imp   auth_rt   auth_sa ili_champ   ili_emb   ili_ent
auth_bp   1.0000000 0.5905461 0.7025206 0.7093087 0.3209168 0.2495606 0.2943625
auth_imp  0.5905461 1.0000000 0.6435786 0.6812331 0.4492988 0.2137478 0.2995462
auth_rt   0.7025206 0.6435786 1.0000000 0.7985312 0.3764912 0.2394201 0.3309392
auth_sa   0.7093087 0.6812331 0.7985312 1.0000000 0.3929071 0.2686766 0.3437107
ili_champ 0.3209168 0.4492988 0.3764912 0.3929071 1.0000000 0.6049288 0.7681503
ili_emb   0.2495606 0.2137478 0.2394201 0.2686766 0.6049288 1.0000000 0.6916790
ili_ent   0.2943625 0.2995462 0.3309392 0.3437107 0.7681503 0.6916790 1.0000000
ili_pro   0.3282432 0.4404973 0.3520075 0.3873844 0.7649681 0.5961850 0.7492316
leadChal  0.3469926 0.4583629 0.3774809 0.3851168 0.4388285 0.3662559 0.3286075
tfl_id    0.4256978 0.5689953 0.3938080 0.4601878 0.3713689 0.2725275 0.3848490
tfl_insp  0.5424309 0.4720132 0.4831675 0.4874586 0.3639422 0.3880015 0.4387698
tfl_int   0.4719875 0.4199430 0.4365651 0.4161933 0.3661053 0.4100738 0.3946206
tfl_pers  0.4481287 0.5385711 0.3524100 0.4493672 0.3138969 0.2431992 0.3112174
tfl_sup   0.5254413 0.4799554 0.4491385 0.5709189 0.2243887 0.1343968 0.2656129
tfl_vis   0.4624400 0.5669958 0.5544069 0.5048467 0.4344547 0.3084098 0.3854527
            ili_pro  leadChal    tfl_id  tfl_insp   tfl_int  tfl_pers   tfl_sup
auth_bp   0.3282432 0.3469926 0.4256978 0.5424309 0.4719875 0.4481287 0.5254413
auth_imp  0.4404973 0.4583629 0.5689953 0.4720132 0.4199430 0.5385711 0.4799554
auth_rt   0.3520075 0.3774809 0.3938080 0.4831675 0.4365651 0.3524100 0.4491385
auth_sa   0.3873844 0.3851168 0.4601878 0.4874586 0.4161933 0.4493672 0.5709189
ili_champ 0.7649681 0.4388285 0.3713689 0.3639422 0.3661053 0.3138969 0.2243887
ili_emb   0.5961850 0.3662559 0.2725275 0.3880015 0.4100738 0.2431992 0.1343968
ili_ent   0.7492316 0.3286075 0.3848490 0.4387698 0.3946206 0.3112174 0.2656129
ili_pro   1.0000000 0.4151769 0.4936142 0.4413340 0.4098295 0.3711408 0.2748493
leadChal  0.4151769 1.0000000 0.5164791 0.5820649 0.4975399 0.4841011 0.3334922
tfl_id    0.4936142 0.5164791 1.0000000 0.7040572 0.5953868 0.7277658 0.5607499
tfl_insp  0.4413340 0.5820649 0.7040572 1.0000000 0.7953950 0.6708382 0.5874555
tfl_int   0.4098295 0.4975399 0.5953868 0.7953950 1.0000000 0.5803854 0.4740188
tfl_pers  0.3711408 0.4841011 0.7277658 0.6708382 0.5803854 1.0000000 0.6219280
tfl_sup   0.2748493 0.3334922 0.5607499 0.5874555 0.4740188 0.6219280 1.0000000
tfl_vis   0.4478684 0.5199601 0.7007029 0.6549538 0.5508290 0.5920692 0.4384864
            tfl_vis
auth_bp   0.4624400
auth_imp  0.5669958
auth_rt   0.5544069
auth_sa   0.5048467
ili_champ 0.4344547
ili_emb   0.3084098
ili_ent   0.3854527
ili_pro   0.4478684
leadChal  0.5199601
tfl_id    0.7007029
tfl_insp  0.6549538
tfl_int   0.5508290
tfl_pers  0.5920692
tfl_sup   0.4384864
tfl_vis   1.0000000
