              auth_bp     auth_imp      auth_rt       auth_sa    ili_champ
auth_bp    1.00000000   1.55717895   1.14282866   -6.58509037  -0.02649746
auth_imp   1.55717895   1.00000000   0.33526681  -19.19484834   0.27899702
auth_rt    1.14282866   0.33526681   1.00000000  -14.38342357   0.07259799
auth_sa   -6.58509037 -19.19484834 -14.38342357    1.00000000  -3.73475241
ili_champ -0.02649746   0.27899702   0.07259799   -3.73475241   1.00000000
ili_emb   -0.56388277  -0.33736589  -3.92352153    0.05899824  -0.66086266
ili_ent   -5.59366972  -2.58106999 -26.78842233   -0.15542837  -1.31707130
ili_pro    0.06723489   0.21907430 -10.85783042   -8.68444288   0.46009678
ili        0.46299510   0.30516609 -44.59767370 -130.24234303   0.76202507
leadChal  -5.40410547  -9.07800301 -35.08825388    0.13247742   0.17045265
tfl_id    -8.40887756 -12.33361643 -59.11787709    0.06721089 -12.24996506
tfl_insp  -0.08975011   0.08734488  -2.82633343    0.21891314   0.32131781
tfl_int   -9.37163161 -26.06351432   0.09822876    0.11726667  -0.12488776
tfl_pers  -5.12050871 -14.68775200 -12.30925642    0.08740229  -3.29460822
tfl_sup    0.01078027  -0.39084400   0.07939411   -0.01189907  -0.17358216
tfl_vis   -5.09910862  -1.44684797 -13.79701534    0.15591091  -4.18624585
              ili_emb      ili_ent      ili_pro          ili    leadChal
auth_bp   -0.56388277   -5.5936697   0.06723489    0.4629951  -5.4041055
auth_imp  -0.33736589   -2.5810700   0.21907430    0.3051661  -9.0780030
auth_rt   -3.92352153  -26.7884223 -10.85783042  -44.5976737 -35.0882539
auth_sa    0.05899824   -0.1554284  -8.68444288 -130.2423430   0.1324774
ili_champ -0.66086266   -1.3170713   0.46009678    0.7620251   0.1704526
ili_emb    1.00000000    0.7285713   0.32957698    1.1860717   0.3739326
ili_ent    0.72857128    1.0000000   0.50231274 -131.2482496   0.1572491
ili_pro    0.32957698    0.5023127   1.00000000    0.7750065  -1.7818132
ili        1.18607173 -131.2482496   0.77500653    1.0000000  -1.6630998
leadChal   0.37393264    0.1572491  -1.78181322   -1.6630998   1.0000000
tfl_id     0.19018389    0.2895422   0.34136015    0.3714313   0.2408546
tfl_insp   0.30687484    0.3451257   0.25061178    0.3946576   0.2900547
tfl_int   -2.04129629 -199.6469986  -0.69621427    0.2183862 -61.1004124
tfl_pers   0.10515643    0.2797198   0.13110582  -18.1621078   0.1149266
tfl_sup   -0.53363435   -7.7932602  -5.88789177  -18.3352899  -4.8440230
tfl_vis    0.31603405  -37.7258508   0.28645761    0.3619720   0.3612762
                tfl_id    tfl_insp       tfl_int     tfl_pers      tfl_sup
auth_bp    -8.40887756 -0.08975011   -9.37163161  -5.12050871   0.01078027
auth_imp  -12.33361643  0.08734488  -26.06351432 -14.68775200  -0.39084400
auth_rt   -59.11787709 -2.82633343    0.09822876 -12.30925642   0.07939411
auth_sa     0.06721089  0.21891314    0.11726667   0.08740229  -0.01189907
ili_champ -12.24996506  0.32131781   -0.12488776  -3.29460822  -0.17358216
ili_emb     0.19018389  0.30687484   -2.04129629   0.10515643  -0.53363435
ili_ent     0.28954224  0.34512566 -199.64699861   0.27971976  -7.79326025
ili_pro     0.34136015  0.25061178   -0.69621427   0.13110582  -5.88789177
ili         0.37143128  0.39465757    0.21838624 -18.16210783 -18.33528990
leadChal    0.24085462  0.29005467  -61.10041236   0.11492662  -4.84402301
tfl_id      1.00000000  0.18253918    0.16331055   0.45181312 -13.78903088
tfl_insp    0.18253918  1.00000000    0.42151758   0.58714527  -0.91899845
tfl_int     0.16331055  0.42151758    1.00000000   0.21853465   0.14858858
tfl_pers    0.45181312  0.58714527    0.21853465   1.00000000   0.44397271
tfl_sup   -13.78903088 -0.91899845    0.14858858   0.44397271   1.00000000
tfl_vis     0.44202504  0.52399510    0.14388266   0.51061062  -1.38275607
              tfl_vis
auth_bp    -5.0991086
auth_imp   -1.4468480
auth_rt   -13.7970153
auth_sa     0.1559109
ili_champ  -4.1862459
ili_emb     0.3160340
ili_ent   -37.7258508
ili_pro     0.2864576
ili         0.3619720
leadChal    0.3612762
tfl_id      0.4420250
tfl_insp    0.5239951
tfl_int     0.1438827
tfl_pers    0.5106106
tfl_sup    -1.3827561
tfl_vis     1.0000000
