           auth_bp  auth_imp   auth_rt   auth_sa       ili  leadChal    tfl_id
auth_bp  1.0000000 0.3727457 0.5392966 0.6295338 0.3188017 0.2884861 0.2479194
auth_imp 0.3727457 1.0000000 0.4723423 0.3676325 0.3582275 0.2664065 0.5324428
auth_rt  0.5392966 0.4723423 1.0000000 0.5943910 0.3876622 0.4084263 0.3806605
auth_sa  0.6295338 0.3676325 0.5943910 1.0000000 0.4216027 0.3326374 0.2691638
ili      0.3188017 0.3582275 0.3876622 0.4216027 1.0000000 0.4185365 0.4748319
leadChal 0.2884861 0.2664065 0.4084263 0.3326374 0.4185365 1.0000000 0.3616710
tfl_id   0.2479194 0.5324428 0.3806605 0.2691638 0.4748319 0.3616710 1.0000000
tfl_insp 0.4358089 0.3917246 0.4510552 0.4246005 0.5414259 0.4211152 0.5360895
tfl_int  0.4310003 0.2268055 0.2845989 0.3081020 0.3914258 0.3669393 0.3104282
tfl_pers 0.2589189 0.3681628 0.3666314 0.2771983 0.4086602 0.2595330 0.5374738
tfl_sup  0.3087207 0.3523261 0.3272597 0.2375768 0.4551662 0.2859518 0.4177225
tfl_vis  0.3360050 0.4526423 0.4107521 0.3525100 0.4836697 0.4485215 0.5235332
          tfl_insp   tfl_int  tfl_pers   tfl_sup   tfl_vis
auth_bp  0.4358089 0.4310003 0.2589189 0.3087207 0.3360050
auth_imp 0.3917246 0.2268055 0.3681628 0.3523261 0.4526423
auth_rt  0.4510552 0.2845989 0.3666314 0.3272597 0.4107521
auth_sa  0.4246005 0.3081020 0.2771983 0.2375768 0.3525100
ili      0.5414259 0.3914258 0.4086602 0.4551662 0.4836697
leadChal 0.4211152 0.3669393 0.2595330 0.2859518 0.4485215
tfl_id   0.5360895 0.3104282 0.5374738 0.4177225 0.5235332
tfl_insp 1.0000000 0.5526492 0.6639743 0.4956643 0.6219694
tfl_int  0.5526492 1.0000000 0.3373968 0.2983150 0.2804681
tfl_pers 0.6639743 0.3373968 1.0000000 0.5608330 0.6161411
tfl_sup  0.4956643 0.2983150 0.5608330 1.0000000 0.4493575
tfl_vis  0.6219694 0.2804681 0.6161411 0.4493575 1.0000000
