             auth_bp   auth_imp    auth_rt   auth_sa ili_champ     ili_emb
auth_bp   1.00000000 0.44780352 0.58209832 0.5905368 0.1575284  0.07931086
auth_imp  0.44780352 1.00000000 0.51283601 0.5561576 0.2921564  0.04761493
auth_rt   0.58209832 0.51283601 1.00000000 0.7019153 0.2159636  0.07313149
auth_sa   0.59053681 0.55615760 0.70191533 1.0000000 0.2329803  0.10444254
ili_champ 0.15752838 0.29215641 0.21596359 0.2329803 1.0000000  0.46446130
ili_emb   0.07931086 0.04761493 0.07313149 0.1044425 0.4644613  1.00000000
ili_ent   0.13348547 0.13755874 0.17690751 0.1834085 0.6639041  0.56327422
ili_pro   0.16347239 0.28902911 0.19493019 0.2241706 0.6575741  0.45027607
leadChal  0.17877598 0.30012928 0.21771314 0.2247322 0.2821126  0.19799655
tfl_insp  0.39830625 0.32167451 0.33770643 0.3438512 0.2083490  0.22840654
tfl_int   0.31771546 0.25449464 0.28042862 0.2588037 0.2041220  0.25180458
tfl_pers  0.28938906 0.38617214 0.19180909 0.2934931 0.1499007  0.07498463
tfl_sup   0.37066975 0.32536452 0.29486431 0.4244720 0.0585834 -0.03319511
tfl_vis   0.30831818 0.42098390 0.40573566 0.3549514 0.2733442  0.13945346
            ili_ent   ili_pro  leadChal  tfl_insp   tfl_int   tfl_pers
auth_bp   0.1334855 0.1634724 0.1787760 0.3983063 0.3177155 0.28938906
auth_imp  0.1375587 0.2890291 0.3001293 0.3216745 0.2544946 0.38617214
auth_rt   0.1769075 0.1949302 0.2177131 0.3377064 0.2804286 0.19180909
auth_sa   0.1834085 0.2241706 0.2247322 0.3438512 0.2588037 0.29349313
ili_champ 0.6639041 0.6575741 0.2821126 0.2083490 0.2041220 0.14990069
ili_emb   0.5632742 0.4502761 0.1979966 0.2284065 0.2518046 0.07498463
ili_ent   1.0000000 0.6393396 0.1635866 0.2870260 0.2398534 0.14414586
ili_pro   0.6393396 1.0000000 0.2492579 0.2860967 0.2497580 0.20596414
leadChal  0.1635866 0.2492579 1.0000000 0.4425793 0.3437516 0.32760123
tfl_insp  0.2870260 0.2860967 0.4425793 1.0000000 0.6968071 0.54469762
tfl_int   0.2398534 0.2497580 0.3437516 0.6968071 1.0000000 0.43472452
tfl_pers  0.1441459 0.2059641 0.3276012 0.5446976 0.4347245 1.00000000
tfl_sup   0.1012586 0.1108697 0.1695577 0.4484346 0.3200818 0.48510845
tfl_vis   0.2253282 0.2927167 0.3635311 0.5256653 0.4020010 0.44970889
              tfl_sup   tfl_vis
auth_bp    0.37066975 0.3083182
auth_imp   0.32536452 0.4209839
auth_rt    0.29486431 0.4057357
auth_sa    0.42447198 0.3549514
ili_champ  0.05858340 0.2733442
ili_emb   -0.03319511 0.1394535
ili_ent    0.10125857 0.2253282
ili_pro    0.11086969 0.2927167
leadChal   0.16955770 0.3635311
tfl_insp   0.44843459 0.5256653
tfl_int    0.32008179 0.4020010
tfl_pers   0.48510845 0.4497089
tfl_sup    1.00000000 0.2784133
tfl_vis    0.27841328 1.0000000
