           auth_bp  auth_imp   auth_rt   auth_sa       ili  leadChal    tfl_id
auth_bp  1.0000000 0.2747530 0.4692428 0.5651928 0.2194489 0.1834967 0.1414298
auth_imp 0.2747530 1.0000000 0.3914990 0.2645883 0.2662557 0.1568904 0.4590896
auth_rt  0.4692428 0.3914990 1.0000000 0.5283493 0.3069447 0.3153035 0.2936916
auth_sa  0.5651928 0.2645883 0.5283493 1.0000000 0.3373325 0.2390357 0.1654142
ili      0.2194489 0.2662557 0.3069447 0.3373325 1.0000000 0.3356441 0.3949151
leadChal 0.1834967 0.1568904 0.3153035 0.2390357 0.3356441 1.0000000 0.2782199
tfl_id   0.1414298 0.4590896 0.2936916 0.1654142 0.3949151 0.2782199 1.0000000
tfl_insp 0.3562396 0.3093028 0.3654612 0.3431925 0.4705090 0.3399227 0.4630639
tfl_int  0.3406449 0.1110724 0.1805631 0.2129172 0.2950717 0.2658485 0.2005052
tfl_pers 0.1474661 0.2721863 0.2811382 0.1623452 0.3280904 0.1643500 0.4735232
tfl_sup  0.2057509 0.2540972 0.2286992 0.1218359 0.3690081 0.1789020 0.3328233
tfl_vis  0.2430059 0.3667356 0.3301159 0.2517363 0.4088037 0.3590638 0.4489907
          tfl_insp   tfl_int  tfl_pers   tfl_sup   tfl_vis
auth_bp  0.3562396 0.3406449 0.1474661 0.2057509 0.2430059
auth_imp 0.3093028 0.1110724 0.2721863 0.2540972 0.3667356
auth_rt  0.3654612 0.1805631 0.2811382 0.2286992 0.3301159
auth_sa  0.3431925 0.2129172 0.1623452 0.1218359 0.2517363
ili      0.4705090 0.2950717 0.3280904 0.3690081 0.4088037
leadChal 0.3399227 0.2658485 0.1643500 0.1789020 0.3590638
tfl_id   0.4630639 0.2005052 0.4735232 0.3328233 0.4489907
tfl_insp 1.0000000 0.4845280 0.6079642 0.4125986 0.5585191
tfl_int  0.4845280 1.0000000 0.2467939 0.1958613 0.1698450
tfl_pers 0.6079642 0.2467939 1.0000000 0.4829462 0.5464820
tfl_sup  0.4125986 0.1958613 0.4829462 1.0000000 0.3667117
tfl_vis  0.5585191 0.1698450 0.5464820 0.3667117 1.0000000
