            auth_bp  auth_imp   auth_rt   auth_sa ili_champ   ili_emb   ili_ent
auth_bp   1.0000000 0.3500864 0.4377942 0.4730987 0.3767589 0.4290710 0.4994139
auth_imp  0.3500864 1.0000000 0.4266988 0.4266956 0.4433949 0.3770151 0.4610930
auth_rt   0.4377942 0.4266988 1.0000000 0.4986519 0.5234996 0.4396136 0.4582525
auth_sa   0.4730987 0.4266956 0.4986519 1.0000000 0.4944358 0.5474429 0.5395396
ili_champ 0.3767589 0.4433949 0.5234996 0.4944358 1.0000000 0.4531492 0.6004961
ili_emb   0.4290710 0.3770151 0.4396136 0.5474429 0.4531492 1.0000000 0.5668270
ili_ent   0.4994139 0.4610930 0.4582525 0.5395396 0.6004961 0.5668270 1.0000000
ili_pro   0.4723086 0.5242945 0.4396871 0.5545057 0.5726814 0.5222186 0.6647846
leadChal  0.4646856 0.5047577 0.5007506 0.5428624 0.5330757 0.5492268 0.5957904
lnr       0.2031637 0.2746841 0.2273343 0.2288855 0.3017013 0.2402274 0.3483830
tfl_insp  0.4439075 0.4056713 0.4179085 0.5502343 0.5692097 0.5956497 0.6923916
tfl_int   0.3910016 0.3374890 0.3921829 0.5127893 0.4483105 0.4947342 0.5254523
tfl_pers  0.3993146 0.4071888 0.3704532 0.4258277 0.3957169 0.2808834 0.4823047
tfl_sup   0.4440122 0.3685753 0.2472262 0.4262539 0.4377438 0.4580276 0.4465756
tfl_vis   0.2814512 0.3044235 0.3661612 0.3360923 0.3818629 0.4911338 0.4153831
            ili_pro  leadChal       lnr  tfl_insp   tfl_int  tfl_pers   tfl_sup
auth_bp   0.4723086 0.4646856 0.2031637 0.4439075 0.3910016 0.3993146 0.4440122
auth_imp  0.5242945 0.5047577 0.2746841 0.4056713 0.3374890 0.4071888 0.3685753
auth_rt   0.4396871 0.5007506 0.2273343 0.4179085 0.3921829 0.3704532 0.2472262
auth_sa   0.5545057 0.5428624 0.2288855 0.5502343 0.5127893 0.4258277 0.4262539
ili_champ 0.5726814 0.5330757 0.3017013 0.5692097 0.4483105 0.3957169 0.4377438
ili_emb   0.5222186 0.5492268 0.2402274 0.5956497 0.4947342 0.2808834 0.4580276
ili_ent   0.6647846 0.5957904 0.3483830 0.6923916 0.5254523 0.4823047 0.4465756
ili_pro   1.0000000 0.5880483 0.3177970 0.6372200 0.4081745 0.3714531 0.4328303
leadChal  0.5880483 1.0000000 0.4787980 0.5469706 0.5645018 0.3559630 0.2557066
lnr       0.3177970 0.4787980 1.0000000 0.3009759 0.2190135 0.2077396 0.1566994
tfl_insp  0.6372200 0.5469706 0.3009759 1.0000000 0.5661629 0.5329634 0.4840539
tfl_int   0.4081745 0.5645018 0.2190135 0.5661629 1.0000000 0.4025767 0.3448111
tfl_pers  0.3714531 0.3559630 0.2077396 0.5329634 0.4025767 1.0000000 0.3928588
tfl_sup   0.4328303 0.2557066 0.1566994 0.4840539 0.3448111 0.3928588 1.0000000
tfl_vis   0.5192817 0.5258607 0.3093227 0.4817687 0.3954126 0.2156974 0.1546307
            tfl_vis
auth_bp   0.2814512
auth_imp  0.3044235
auth_rt   0.3661612
auth_sa   0.3360923
ili_champ 0.3818629
ili_emb   0.4911338
ili_ent   0.4153831
ili_pro   0.5192817
leadChal  0.5258607
lnr       0.3093227
tfl_insp  0.4817687
tfl_int   0.3954126
tfl_pers  0.2156974
tfl_sup   0.1546307
tfl_vis   1.0000000
