             auth_bp   auth_imp    auth_rt    auth_sa  ili_champ   ili_emb
auth_bp   1.00000000 0.95761488 0.97247987 0.96679964 0.04553905 0.1424145
auth_imp  0.95761488 1.00000000 0.96070185 0.98595826 0.04768912 0.1259357
auth_rt   0.97247987 0.96070185 1.00000000 0.96340535 0.04985345 0.1342478
auth_sa   0.96679964 0.98595826 0.96340535 1.00000000 0.03625028 0.1393007
ili_champ 0.04553905 0.04768912 0.04985345 0.03625028 1.00000000 0.5379704
ili_emb   0.14241447 0.12593572 0.13424779 0.13930068 0.53797042 1.0000000
ili_ent   0.03885623 0.04057593 0.04078324 0.04282229 0.50520575 0.5489466
ili_pro   0.03677494 0.02092143 0.02244296 0.01656640 0.52724576 0.4528883
ili       0.04043786 0.01829936 0.02346488 0.01808642 0.79929390 0.7229310
leadChal  0.93274047 0.97328176 0.93672572 0.97791946 0.04517445 0.2664400
tfl_insp  0.68201608 0.66957133 0.61701286 0.69395220 0.12220373 0.4916077
tfl_int   0.73492274 0.73923363 0.71022164 0.77616259 0.12648155 0.4579499
tfl_pers  0.84824008 0.93038706 0.86703224 0.92959159 0.04962361 0.2848596
tfl_sup   0.89026999 0.96145728 0.89552054 0.96678645 0.02393767 0.2224561
tfl_vis   0.84481085 0.93960289 0.88619137 0.93573222 0.07731433 0.2796238
             ili_ent    ili_pro        ili   leadChal  tfl_insp   tfl_int
auth_bp   0.03885623 0.03677494 0.04043786 0.93274047 0.6820161 0.7349227
auth_imp  0.04057593 0.02092143 0.01829936 0.97328176 0.6695713 0.7392336
auth_rt   0.04078324 0.02244296 0.02346488 0.93672572 0.6170129 0.7102216
auth_sa   0.04282229 0.01656640 0.01808642 0.97791946 0.6939522 0.7761626
ili_champ 0.50520575 0.52724576 0.79929390 0.04517445 0.1222037 0.1264815
ili_emb   0.54894664 0.45288825 0.72293103 0.26644004 0.4916077 0.4579499
ili_ent   1.00000000 0.85503885 0.88869323 0.49898034 0.6017110 0.4329532
ili_pro   0.85503885 1.00000000 0.87617947 0.31841885 0.5775102 0.3549010
ili       0.88869323 0.87617947 1.00000000 0.35408141 0.5271187 0.3840416
leadChal  0.49898034 0.31841885 0.35408141 1.00000000 0.6791516 0.7710252
tfl_insp  0.60171095 0.57751016 0.52711866 0.67915160 1.0000000 0.9269686
tfl_int   0.43295320 0.35490096 0.38404161 0.77102523 0.9269686 1.0000000
tfl_pers  0.49813556 0.30270867 0.34791965 0.93721372 0.8038679 0.8498235
tfl_sup   0.34193268 0.10262851 0.20266302 0.94687829 0.6697012 0.7792961
tfl_vis   0.39977726 0.23246666 0.29713936 0.94674374 0.6765360 0.7972666
            tfl_pers    tfl_sup    tfl_vis
auth_bp   0.84824008 0.89026999 0.84481085
auth_imp  0.93038706 0.96145728 0.93960289
auth_rt   0.86703224 0.89552054 0.88619137
auth_sa   0.92959159 0.96678645 0.93573222
ili_champ 0.04962361 0.02393767 0.07731433
ili_emb   0.28485959 0.22245611 0.27962380
ili_ent   0.49813556 0.34193268 0.39977726
ili_pro   0.30270867 0.10262851 0.23246666
ili       0.34791965 0.20266302 0.29713936
leadChal  0.93721372 0.94687829 0.94674374
tfl_insp  0.80386790 0.66970115 0.67653604
tfl_int   0.84982354 0.77929612 0.79726656
tfl_pers  1.00000000 0.93030144 0.92204885
tfl_sup   0.93030144 1.00000000 0.93945119
tfl_vis   0.92204885 0.93945119 1.00000000
