            auth_bp  auth_imp   auth_rt   auth_sa ili_champ   ili_emb   ili_ent
auth_bp   1.0000000 0.3552211 0.4362585 0.4640570 0.3760030 0.4290399 0.4995571
auth_imp  0.3552211 1.0000000 0.4230924 0.4254189 0.4407852 0.3779808 0.4688059
auth_rt   0.4362585 0.4230924 1.0000000 0.5010067 0.5212280 0.4361441 0.4579758
auth_sa   0.4640570 0.4254189 0.5010067 1.0000000 0.4945457 0.5437595 0.5403060
ili_champ 0.3760030 0.4407852 0.5212280 0.4945457 1.0000000 0.4579848 0.6015321
ili_emb   0.4290399 0.3779808 0.4361441 0.5437595 0.4579848 1.0000000 0.5621831
ili_ent   0.4995571 0.4688059 0.4579758 0.5403060 0.6015321 0.5621831 1.0000000
ili_pro   0.4788049 0.5168730 0.4359046 0.5539071 0.5742293 0.5187629 0.6642548
leadChal  0.4649214 0.5065825 0.5012416 0.5375824 0.5317137 0.5514608 0.5926356
lnr       0.2048486 0.2680046 0.2129563 0.2309691 0.3033840 0.2346834 0.3422764
tfl_insp  0.4513340 0.4122092 0.4175634 0.5390949 0.5665412 0.5963957 0.6828932
tfl_int   0.3968443 0.3368678 0.3904261 0.5124036 0.4475017 0.4875284 0.5230107
tfl_pers  0.3994860 0.4092864 0.3644018 0.4215250 0.4027090 0.2864018 0.4747063
tfl_sup   0.4373898 0.3700632 0.2447984 0.4256638 0.4377051 0.4580615 0.4374646
tfl_vis   0.2819440 0.3085785 0.3522845 0.3363614 0.3856549 0.4862022 0.4136018
            ili_pro  leadChal       lnr  tfl_insp   tfl_int  tfl_pers   tfl_sup
auth_bp   0.4788049 0.4649214 0.2048486 0.4513340 0.3968443 0.3994860 0.4373898
auth_imp  0.5168730 0.5065825 0.2680046 0.4122092 0.3368678 0.4092864 0.3700632
auth_rt   0.4359046 0.5012416 0.2129563 0.4175634 0.3904261 0.3644018 0.2447984
auth_sa   0.5539071 0.5375824 0.2309691 0.5390949 0.5124036 0.4215250 0.4256638
ili_champ 0.5742293 0.5317137 0.3033840 0.5665412 0.4475017 0.4027090 0.4377051
ili_emb   0.5187629 0.5514608 0.2346834 0.5963957 0.4875284 0.2864018 0.4580615
ili_ent   0.6642548 0.5926356 0.3422764 0.6828932 0.5230107 0.4747063 0.4374646
ili_pro   1.0000000 0.5949860 0.3154977 0.6301688 0.4079235 0.3720038 0.4320641
leadChal  0.5949860 1.0000000 0.4618152 0.5469380 0.5682520 0.3574524 0.2475126
lnr       0.3154977 0.4618152 1.0000000 0.2908611 0.2155389 0.2057463 0.1510756
tfl_insp  0.6301688 0.5469380 0.2908611 1.0000000 0.5594137 0.5311092 0.4760556
tfl_int   0.4079235 0.5682520 0.2155389 0.5594137 1.0000000 0.3982968 0.3361369
tfl_pers  0.3720038 0.3574524 0.2057463 0.5311092 0.3982968 1.0000000 0.3865607
tfl_sup   0.4320641 0.2475126 0.1510756 0.4760556 0.3361369 0.3865607 1.0000000
tfl_vis   0.5170061 0.5389141 0.3104906 0.4851212 0.4000118 0.2183635 0.1529495
            tfl_vis
auth_bp   0.2819440
auth_imp  0.3085785
auth_rt   0.3522845
auth_sa   0.3363614
ili_champ 0.3856549
ili_emb   0.4862022
ili_ent   0.4136018
ili_pro   0.5170061
leadChal  0.5389141
lnr       0.3104906
tfl_insp  0.4851212
tfl_int   0.4000118
tfl_pers  0.2183635
tfl_sup   0.1529495
tfl_vis   1.0000000
