            bfi_agree   bfi_consc  bfi_extrav    bfi_neur    bfi_open
bfi_agree   1.0000000  0.29885495  0.12597443 -0.20558104  0.34668830
bfi_consc   0.2988550  1.00000000  0.21514679 -0.07163339  0.16961102
bfi_extrav  0.1259744  0.21514679  1.00000000 -0.01546280  0.21468135
bfi_neur   -0.2055810 -0.07163339 -0.01546280  1.00000000 -0.01738824
bfi_open    0.3466883  0.16961102  0.21468135 -0.01738824  1.00000000
ffmq_aa     0.1427794  0.41429246  0.08817311 -0.12271243  0.17772745
ffmq_de     0.1120920  0.17874214  0.23880676  0.05314116  0.19457813
ffmq_nj     0.2273152  0.23043424  0.26304956 -0.21968684  0.24651607
ffmq_nr     0.2273975  0.14930203  0.18458588 -0.08367622  0.26881402
ffmq_ob     0.1519465  0.16917799  0.26749116  0.15546804  0.34075749
grt         0.2176957  0.62853274  0.23268909 -0.08575544  0.10003544
leadChal    0.2294124  0.29385390  0.39726732 -0.08822775  0.36491356
               ffmq_aa    ffmq_de     ffmq_nj     ffmq_nr   ffmq_ob         grt
bfi_agree   0.14277939 0.11209199  0.22731517  0.22739754 0.1519465  0.21769569
bfi_consc   0.41429246 0.17874214  0.23043424  0.14930203 0.1691780  0.62853274
bfi_extrav  0.08817311 0.23880676  0.26304956  0.18458588 0.2674912  0.23268909
bfi_neur   -0.12271243 0.05314116 -0.21968684 -0.08367622 0.1554680 -0.08575544
bfi_open    0.17772745 0.19457813  0.24651607  0.26881402 0.3407575  0.10003544
ffmq_aa     1.00000000 0.20376234  0.34613828  0.16905709 0.1695223  0.39554788
ffmq_de     0.20376234 1.00000000  0.07343976  0.35647074 0.2891359  0.17202609
ffmq_nj     0.34613828 0.07343976  1.00000000  0.08201483 0.0592692  0.31518624
ffmq_nr     0.16905709 0.35647074  0.08201483  1.00000000 0.3181345  0.11331226
ffmq_ob     0.16952234 0.28913587  0.05926920  0.31813447 1.0000000  0.12798152
grt         0.39554788 0.17202609  0.31518624  0.11331226 0.1279815  1.00000000
leadChal    0.22446698 0.27372964  0.23920099  0.24902782 0.2650044  0.27840147
              leadChal
bfi_agree   0.22941244
bfi_consc   0.29385390
bfi_extrav  0.39726732
bfi_neur   -0.08822775
bfi_open    0.36491356
ffmq_aa     0.22446698
ffmq_de     0.27372964
ffmq_nj     0.23920099
ffmq_nr     0.24902782
ffmq_ob     0.26500436
grt         0.27840147
leadChal    1.00000000
