             bfi_agree   bfi_consc  bfi_extrav    bfi_neur    bfi_open
bfi_agree   1.00000000  0.29000233  0.05219582 -0.39570237  0.05186766
bfi_consc   0.29000233  1.00000000  0.09763251 -0.34450529 -0.06292157
bfi_extrav  0.05219582  0.09763251  1.00000000 -0.22013291  0.32048905
bfi_neur   -0.39570237 -0.34450529 -0.22013291  1.00000000 -0.07085154
bfi_open    0.05186766 -0.06292157  0.32048905 -0.07085154  1.00000000
ffmq_aa     0.17586307  0.32920754  0.08355330 -0.39993085  0.08087736
ffmq_de     0.16500880  0.16991527  0.38992489 -0.26947459  0.25162342
ffmq_nj     0.33631094  0.27144283  0.22795700 -0.50240298 -0.06632371
ffmq_nr     0.17710093  0.17661922  0.04741611 -0.39093018  0.05440839
ffmq_ob     0.01904119  0.01132347  0.08493855  0.19944260  0.27989107
grt         0.26694522  0.64303192  0.16721373 -0.45711796  0.03171465
leadChal    0.09034966  0.36650198  0.29666537 -0.21613554  0.29659313
               ffmq_aa     ffmq_de     ffmq_nj     ffmq_nr     ffmq_ob
bfi_agree   0.17586307  0.16500880  0.33631094  0.17710093  0.01904119
bfi_consc   0.32920754  0.16991527  0.27144283  0.17661922  0.01132347
bfi_extrav  0.08355330  0.38992489  0.22795700  0.04741611  0.08493855
bfi_neur   -0.39993085 -0.26947459 -0.50240298 -0.39093018  0.19944260
bfi_open    0.08087736  0.25162342 -0.06632371  0.05440839  0.27989107
ffmq_aa     1.00000000  0.21510166  0.33285296  0.19195835 -0.03106080
ffmq_de     0.21510166  1.00000000  0.28659055  0.20904752  0.09473145
ffmq_nj     0.33285296  0.28659055  1.00000000  0.21638072 -0.20255964
ffmq_nr     0.19195835  0.20904752  0.21638072  1.00000000  0.04799589
ffmq_ob    -0.03106080  0.09473145 -0.20255964  0.04799589  1.00000000
grt         0.42492005  0.24253690  0.39538901  0.25664053 -0.09183265
leadChal    0.11008830  0.17654407  0.06313662  0.19632552  0.18013808
                   grt    leadChal
bfi_agree   0.26694522  0.09034966
bfi_consc   0.64303192  0.36650198
bfi_extrav  0.16721373  0.29666537
bfi_neur   -0.45711796 -0.21613554
bfi_open    0.03171465  0.29659313
ffmq_aa     0.42492005  0.11008830
ffmq_de     0.24253690  0.17654407
ffmq_nj     0.39538901  0.06313662
ffmq_nr     0.25664053  0.19632552
ffmq_ob    -0.09183265  0.18013808
grt         1.00000000  0.38425629
leadChal    0.38425629  1.00000000
