          bfi_consc       grt       har  leadChal       lnr        mt
bfi_consc 1.0000000 0.6810554 0.3151027 0.2584324 0.3936884 0.4704902
grt       0.6810554 1.0000000 0.2844448 0.2444739 0.4295127 0.4566030
har       0.3151027 0.2844448 1.0000000 0.2461448 0.2957776 0.5293836
leadChal  0.2584324 0.2444739 0.2461448 1.0000000 0.3537863 0.3636129
lnr       0.3936884 0.4295127 0.2957776 0.3537863 1.0000000 0.2351507
mt        0.4704902 0.4566030 0.5293836 0.3636129 0.2351507 1.0000000
