             bfi_agree   bfi_consc bfi_extrav    bfi_neur   bfi_open
bfi_agree   1.00000000  0.28701622 0.06436755 -0.20006479 0.33035562
bfi_consc   0.28701622  1.00000000 0.20205796 -0.08189229 0.11301912
bfi_extrav  0.06436755  0.20205796 1.00000000  0.01429701 0.19811353
bfi_neur   -0.20006479 -0.08189229 0.01429701  1.00000000 0.02069473
bfi_open    0.33035562  0.11301912 0.19811353  0.02069473 1.00000000
ffmq_aa     0.02347495  0.20374375 0.02677962 -0.05529021 0.02726248
ffmq_de     0.03502753  0.09965413 0.10822516  0.02581344 0.06129373
ffmq_nj     0.01461220  0.07261507 0.02542486 -0.04070668 0.06644325
ffmq_nr     0.04167638  0.01695948 0.02117988 -0.07745422 0.08745059
ffmq_ob     0.13432068  0.11709254 0.23763820  0.10669332 0.28258526
ffmq        0.03838153  0.12973872 0.03305569 -0.10776855 0.08718601
grt         0.18871756  0.56783341 0.20155701 -0.09535231 0.09596489
leadChal    0.20715622  0.26158198 0.37518171 -0.02386278 0.32282050
                ffmq_aa      ffmq_de      ffmq_nj      ffmq_nr     ffmq_ob
bfi_agree   0.023474950  0.035027529  0.014612199  0.041676376  0.13432068
bfi_consc   0.203743748  0.099654127  0.072615070  0.016959483  0.11709254
bfi_extrav  0.026779617  0.108225160  0.025424864  0.021179882  0.23763820
bfi_neur   -0.055290207  0.025813438 -0.040706685 -0.077454215  0.10669332
bfi_open    0.027262481  0.061293727  0.066443254  0.087450587  0.28258526
ffmq_aa     1.000000000  0.007379134  0.073690141  0.005065508  0.15812615
ffmq_de     0.007379134  1.000000000 -0.051808751  0.183529815  0.24233594
ffmq_nj     0.073690141 -0.051808751  1.000000000  0.004575696 -0.02165364
ffmq_nr     0.005065508  0.183529815  0.004575696  1.000000000  0.26947294
ffmq_ob     0.158126149  0.242335945 -0.021653644  0.269472944  1.00000000
ffmq        0.447586048  0.552309233  0.555822431  0.493286456  0.19618201
grt         0.266114731  0.189325312  0.190548208  0.016267754  0.07999989
leadChal    0.123531488  0.193862937  0.114607848  0.128965792  0.22140688
                  ffmq         grt    leadChal
bfi_agree   0.03838153  0.18871756  0.20715622
bfi_consc   0.12973872  0.56783341  0.26158198
bfi_extrav  0.03305569  0.20155701  0.37518171
bfi_neur   -0.10776855 -0.09535231 -0.02386278
bfi_open    0.08718601  0.09596489  0.32282050
ffmq_aa     0.44758605  0.26611473  0.12353149
ffmq_de     0.55230923  0.18932531  0.19386294
ffmq_nj     0.55582243  0.19054821  0.11460785
ffmq_nr     0.49328646  0.01626775  0.12896579
ffmq_ob     0.19618201  0.07999989  0.22140688
ffmq        1.00000000  0.22764368  0.16976527
grt         0.22764368  1.00000000  0.20789497
leadChal    0.16976527  0.20789497  1.00000000
