          bfi_consc       grt       har  leadChal       lnr        mt
bfi_consc 1.0000000 0.7148451 0.3891776 0.3460501 0.4555020 0.5292514
grt       0.7148451 1.0000000 0.3626488 0.3382141 0.4947559 0.5126107
har       0.3891776 0.3626488 1.0000000 0.3358912 0.3656036 0.5782474
leadChal  0.3460501 0.3382141 0.3358912 1.0000000 0.4318296 0.4336325
lnr       0.4555020 0.4947559 0.3656036 0.4318296 1.0000000 0.3256743
mt        0.5292514 0.5126107 0.5782474 0.4336325 0.3256743 1.0000000
