             bfi_agree   bfi_consc  bfi_extrav    bfi_neur    bfi_open
bfi_agree   1.00000000  0.14795830 -0.09006398 -0.51398145 -0.09513294
bfi_consc   0.14795830  1.00000000 -0.04781552 -0.46686577 -0.21099276
bfi_extrav -0.09006398 -0.04781552  1.00000000 -0.35351533  0.18564493
bfi_neur   -0.51398145 -0.46686577 -0.35351533  1.00000000 -0.21928793
bfi_open   -0.09513294 -0.21099276  0.18564493 -0.21928793  1.00000000
ffmq_aa     0.03340334  0.19400246 -0.06594490 -0.51294258 -0.06526968
ffmq_de     0.01919615  0.02815259  0.26199907 -0.39902927  0.10770347
ffmq_nj     0.20489526  0.13356498  0.08727126 -0.60716058 -0.20998411
ffmq_nr     0.03386574  0.03385171 -0.09728057 -0.50974166 -0.08839135
ffmq_ob    -0.12919179 -0.13050288 -0.05172082  0.06145113  0.14324996
grt         0.12555781  0.55042976  0.02588192 -0.56622365 -0.11485790
leadChal   -0.05545104  0.23626050  0.16299629 -0.35143683  0.16285259
               ffmq_aa     ffmq_de     ffmq_nj     ffmq_nr     ffmq_ob
bfi_agree   0.03340334  0.01919615  0.20489526  0.03386574 -0.12919179
bfi_consc   0.19400246  0.02815259  0.13356498  0.03385171 -0.13050288
bfi_extrav -0.06594490  0.26199907  0.08727126 -0.09728057 -0.05172082
bfi_neur   -0.51294258 -0.39902927 -0.60716058 -0.50974166  0.06145113
bfi_open   -0.06526968  0.10770347 -0.20998411 -0.08839135  0.14324996
ffmq_aa     1.00000000  0.06943123  0.19459576  0.05543426 -0.17555038
ffmq_de     0.06943123  1.00000000  0.15020795  0.06584623 -0.05193652
ffmq_nj     0.19459576  0.15020795  1.00000000  0.07486627 -0.34091683
ffmq_nr     0.05543426  0.06584623  0.07486627  1.00000000 -0.09398299
ffmq_ob    -0.17555038 -0.05193652 -0.34091683 -0.09398299  1.00000000
grt         0.30066161  0.10143839  0.27164195  0.11930853 -0.23101661
leadChal   -0.03396982  0.03000850 -0.08375181  0.05490422  0.03536345
                   grt    leadChal
bfi_agree   0.12555781 -0.05545104
bfi_consc   0.55042976  0.23626050
bfi_extrav  0.02588192  0.16299629
bfi_neur   -0.56622365 -0.35143683
bfi_open   -0.11485790  0.16285259
ffmq_aa     0.30066161 -0.03396982
ffmq_de     0.10143839  0.03000850
ffmq_nj     0.27164195 -0.08375181
ffmq_nr     0.11930853  0.05490422
ffmq_ob    -0.23101661  0.03536345
grt         1.00000000  0.25350330
leadChal    0.25350330  1.00000000
