            auth_bp   auth_imp   auth_rt   auth_sa ili_champ      ili_emb
auth_bp   1.0000000 0.52073159 0.6434623 0.6477804 0.2281547  0.124551897
auth_imp  0.5207316 1.00000000 0.5707828 0.6115363 0.3551107  0.083182770
auth_rt   0.6434623 0.57078278 1.0000000 0.7566686 0.2774677  0.120478188
auth_sa   0.6477804 0.61153635 0.7566686 1.0000000 0.2863647  0.156792257
ili_champ 0.2281547 0.35511070 0.2774677 0.2863647 1.0000000  0.536806056
ili_emb   0.1245519 0.08318277 0.1204782 0.1567923 0.5368061  1.000000000
ili_ent   0.1971019 0.19997987 0.2336498 0.2444187 0.7254575  0.630959349
ili_pro   0.2235040 0.34940576 0.2433571 0.2857837 0.7177119  0.518006403
leadChal  0.2452960 0.36609228 0.2714550 0.2799239 0.3411830  0.262197664
tfl_id    0.3304553 0.50434897 0.2939340 0.3649537 0.2792397  0.152972570
tfl_insp  0.4700888 0.38591924 0.4073960 0.3989909 0.2749376  0.298052162
tfl_int   0.3848942 0.32380745 0.3448421 0.3195925 0.2723401  0.315879293
tfl_pers  0.3556106 0.45877250 0.2458602 0.3603309 0.2098012  0.113333322
tfl_sup   0.4392195 0.39295907 0.3469911 0.4904406 0.1064860 -0.002222608
tfl_vis   0.3823544 0.48760569 0.4772007 0.4238047 0.3400261  0.193323884
            ili_ent   ili_pro  leadChal    tfl_id  tfl_insp   tfl_int  tfl_pers
auth_bp   0.1971019 0.2235040 0.2452960 0.3304553 0.4700888 0.3848942 0.3556106
auth_imp  0.1999799 0.3494058 0.3660923 0.5043490 0.3859192 0.3238074 0.4587725
auth_rt   0.2336498 0.2433571 0.2714550 0.2939340 0.4073960 0.3448421 0.2458602
auth_sa   0.2444187 0.2857837 0.2799239 0.3649537 0.3989909 0.3195925 0.3603309
ili_champ 0.7254575 0.7177119 0.3411830 0.2792397 0.2749376 0.2723401 0.2098012
ili_emb   0.6309593 0.5180064 0.2621977 0.1529726 0.2980522 0.3158793 0.1133333
ili_ent   1.0000000 0.6957609 0.2216043 0.2912369 0.3579586 0.2981994 0.2075973
ili_pro   0.6957609 1.0000000 0.3144152 0.4096775 0.3499234 0.3187525 0.2680768
leadChal  0.2216043 0.3144152 1.0000000 0.4321810 0.5073510 0.4044433 0.3995451
tfl_id    0.2912369 0.4096775 0.4321810 1.0000000 0.6470374 0.5215532 0.6711198
tfl_insp  0.3579586 0.3499234 0.5073510 0.6470374 1.0000000 0.7392709 0.6136375
tfl_int   0.2981994 0.3187525 0.4044433 0.5215532 0.7392709 1.0000000 0.4960601
tfl_pers  0.2075973 0.2680768 0.3995451 0.6711198 0.6136375 0.4960601 1.0000000
tfl_sup   0.1490865 0.1513440 0.2197988 0.4810190 0.5121968 0.3810405 0.5499183
tfl_vis   0.2946325 0.3611418 0.4378630 0.6318426 0.5998553 0.4713920 0.5081247
               tfl_sup   tfl_vis
auth_bp    0.439219469 0.3823544
auth_imp   0.392959070 0.4876057
auth_rt    0.346991053 0.4772007
auth_sa    0.490440554 0.4238047
ili_champ  0.106485975 0.3400261
ili_emb   -0.002222608 0.1933239
ili_ent    0.149086470 0.2946325
ili_pro    0.151343951 0.3611418
leadChal   0.219798759 0.4378630
tfl_id     0.481019028 0.6318426
tfl_insp   0.512196823 0.5998553
tfl_int    0.381040459 0.4713920
tfl_pers   0.549918308 0.5081247
tfl_sup    1.000000000 0.3441653
tfl_vis    0.344165281 1.0000000
