             bfi_agree   bfi_consc  bfi_extrav    bfi_neur     bfi_open
bfi_agree   1.00000000  0.96663383  0.63341348  0.14620356  0.125427981
bfi_consc   0.96663383  1.00000000  0.54572819  0.18886912  0.175039483
bfi_extrav  0.63341348  0.54572819  1.00000000 -0.01582904 -0.020738422
bfi_neur    0.14620356  0.18886912 -0.01582904  1.00000000 -0.136059910
bfi_open    0.12542798  0.17503948 -0.02073842 -0.13605991  1.000000000
ffmq_aa    -0.47177026 -0.49825146 -0.19418618 -0.86119525  0.364213599
ffmq_de     0.24598785  0.30924680  0.06841178 -0.02714164  0.496492648
ffmq_nj     0.17357651  0.14932723  0.12361836 -0.01577198  0.114780449
ffmq_nr    -0.11110657 -0.15030900  0.07516935 -0.32622325  0.009310346
ffmq_ob     0.27551081  0.29627904  0.19587805  0.38415836  0.249323826
ffmq       -0.24051272 -0.17373736 -0.29237919 -0.04056136 -0.292291105
grt         0.07094929  0.10031955 -0.06047425  0.38415701 -0.275924700
har         0.25266056  0.32733832  0.08728203  0.45496290  0.351151586
leadChal   -0.25782351 -0.26342933 -0.01479228 -0.29140433 -0.252737254
lnr         0.24871733  0.25955483  0.09393327 -0.20864014  0.132088083
mt          0.06441658  0.08741905 -0.02631360 -0.05155639  0.081215385
                ffmq_aa      ffmq_de      ffmq_nj      ffmq_nr     ffmq_ob
bfi_agree  -0.471770265  0.245987845  0.173576511 -0.111106573  0.27551081
bfi_consc  -0.498251464  0.309246801  0.149327227 -0.150308997  0.29627904
bfi_extrav -0.194186177  0.068411778  0.123618360  0.075169351  0.19587805
bfi_neur   -0.861195253 -0.027141644 -0.015771984 -0.326223247  0.38415836
bfi_open    0.364213599  0.496492648  0.114780449  0.009310346  0.24932383
ffmq_aa     1.000000000 -0.012885464 -0.001577094  0.306591212 -0.33262781
ffmq_de    -0.012885464  1.000000000 -0.004434126  0.149294005  0.49750322
ffmq_nj    -0.001577094 -0.004434126  1.000000000  0.223039110 -0.17317079
ffmq_nr     0.306591212  0.149294005  0.223039110  1.000000000  0.11418600
ffmq_ob    -0.332627810  0.497503223 -0.173170789  0.114185995  1.00000000
ffmq       -0.041354163  0.006922595  0.313659894  0.171559450 -0.11282734
grt        -0.400469209 -0.532122508 -0.239684820 -0.479043871 -0.23383963
har        -0.358907968  0.277810344 -0.172550136 -0.265627018  0.46598086
leadChal    0.225377837  0.115122538 -0.245142048  0.126292479 -0.27983864
lnr         0.086259479 -0.057242488  0.357834214 -0.025102043 -0.10064858
mt          0.008570251  0.087036821  0.051772387 -0.060823387 -0.07068721
                   ffmq         grt         har    leadChal         lnr
bfi_agree  -0.240512725  0.07094929  0.25266056 -0.25782351  0.24871733
bfi_consc  -0.173737358  0.10031955  0.32733832 -0.26342933  0.25955483
bfi_extrav -0.292379193 -0.06047425  0.08728203 -0.01479228  0.09393327
bfi_neur   -0.040561363  0.38415701  0.45496290 -0.29140433 -0.20864014
bfi_open   -0.292291105 -0.27592470  0.35115159 -0.25273725  0.13208808
ffmq_aa    -0.041354163 -0.40046921 -0.35890797  0.22537784  0.08625948
ffmq_de     0.006922595 -0.53212251  0.27781034  0.11512254 -0.05724249
ffmq_nj     0.313659894 -0.23968482 -0.17255014 -0.24514205  0.35783421
ffmq_nr     0.171559450 -0.47904387 -0.26562702  0.12629248 -0.02510204
ffmq_ob    -0.112827336 -0.23383963  0.46598086 -0.27983864 -0.10064858
ffmq        1.000000000 -0.10785305 -0.40983621 -0.13988789  0.26082282
grt        -0.107853055  1.00000000  0.27668754 -0.31729207 -0.01612336
har        -0.409836213  0.27668754  1.00000000 -0.30831916 -0.18323487
leadChal   -0.139887886 -0.31729207 -0.30831916  1.00000000 -0.08177581
lnr         0.260822821 -0.01612336 -0.18323487 -0.08177581  1.00000000
mt          0.024547160  0.09473257 -0.01281483 -0.13025548  0.08842373
                     mt
bfi_agree   0.064416583
bfi_consc   0.087419047
bfi_extrav -0.026313602
bfi_neur   -0.051556391
bfi_open    0.081215385
ffmq_aa     0.008570251
ffmq_de     0.087036821
ffmq_nj     0.051772387
ffmq_nr    -0.060823387
ffmq_ob    -0.070687208
ffmq        0.024547160
grt         0.094732565
har        -0.012814827
leadChal   -0.130255483
lnr         0.088423728
mt          1.000000000
