             bfi_agree   bfi_consc  bfi_extrav    bfi_neur    bfi_open
bfi_agree   1.00000000  0.19867570 -0.09728813 -0.63110686 -0.08264637
bfi_consc   0.19867570  1.00000000 -0.02355693 -0.58738630 -0.21865721
bfi_extrav -0.09728813 -0.02355693  1.00000000 -0.42189896  0.24137499
bfi_neur   -0.63110686 -0.58738630 -0.42189896  1.00000000 -0.23199035
bfi_open   -0.08264637 -0.21865721  0.24137499 -0.23199035  1.00000000
ffmq_aa     0.06061429  0.24638431 -0.03649047 -0.64380008 -0.03991370
ffmq_de     0.04999089  0.05850298  0.32001612 -0.47731204  0.16211791
ffmq_nj     0.25365129  0.18082400  0.13116144 -0.77882530 -0.22101828
ffmq_nr     0.07473392  0.06054604 -0.08523776 -0.63482803 -0.07085470
ffmq_ob    -0.12523192 -0.13646814 -0.04692964  0.09374896  0.19093215
grt         0.17343051  0.61095605  0.04993908 -0.72111092 -0.10287104
leadChal   -0.04414164  0.29527650  0.21286181 -0.41777814  0.21722245
               ffmq_aa     ffmq_de     ffmq_nj     ffmq_nr     ffmq_ob
bfi_agree   0.06061429  0.04999089  0.25365129  0.07473392 -0.12523192
bfi_consc   0.24638431  0.05850298  0.18082400  0.06054604 -0.13646814
bfi_extrav -0.03649047  0.32001612  0.13116144 -0.08523776 -0.04692964
bfi_neur   -0.64380008 -0.47731204 -0.77882530 -0.63482803  0.09374896
bfi_open   -0.03991370  0.16211791 -0.22101828 -0.07085470  0.19093215
ffmq_aa     1.00000000  0.12857253  0.25417551  0.08362024 -0.18945342
ffmq_de     0.12857253  1.00000000  0.19971480  0.10756708 -0.02750449
ffmq_nj     0.25417551  0.19971480  1.00000000  0.11172566 -0.40429267
ffmq_nr     0.08362024  0.10756708  0.11172566  1.00000000 -0.09025655
ffmq_ob    -0.18945342 -0.02750449 -0.40429267 -0.09025655  1.00000000
grt         0.35454516  0.14551372  0.31672616  0.16382583 -0.25336364
leadChal   -0.02095232  0.07353872 -0.06939072  0.08148762  0.07769830
                   grt    leadChal
bfi_agree   0.17343051 -0.04414164
bfi_consc   0.61095605  0.29527650
bfi_extrav  0.04993908  0.21286181
bfi_neur   -0.72111092 -0.41777814
bfi_open   -0.10287104  0.21722245
ffmq_aa     0.35454516 -0.02095232
ffmq_de     0.14551372  0.07353872
ffmq_nj     0.31672616 -0.06939072
ffmq_nr     0.16382583  0.08148762
ffmq_ob    -0.25336364  0.07769830
grt         1.00000000  0.31140706
leadChal    0.31140706  1.00000000
