          bfi_consc       grt       har  leadChal       lnr        mt
bfi_consc 1.0000000 0.7330805 0.4414579 0.4087876 0.5038527 0.5689546
grt       0.7330805 1.0000000 0.4225072 0.4056105 0.5436906 0.5596077
har       0.4414579 0.4225072 1.0000000 0.4003284 0.4297097 0.6213049
leadChal  0.4087876 0.4056105 0.4003284 1.0000000 0.4952651 0.4832631
lnr       0.5038527 0.5436906 0.4297097 0.4952651 1.0000000 0.3840541
mt        0.5689546 0.5596077 0.6213049 0.4832631 0.3840541 1.0000000
