             bfi_agree   bfi_consc  bfi_extrav    bfi_neur    bfi_open
bfi_agree   1.00000000  0.19914658 -0.07803005 -0.63806912 -0.08735151
bfi_consc   0.19914658  1.00000000 -0.02487615 -0.57576685 -0.22182414
bfi_extrav -0.07803005 -0.02487615  1.00000000 -0.41744724  0.23422613
bfi_neur   -0.63806912 -0.57576685 -0.41744724  1.00000000 -0.22744794
bfi_open   -0.08735151 -0.22182414  0.23422613 -0.22744794  1.00000000
ffmq_aa     0.07078177  0.24843912 -0.04254847 -0.64369551 -0.04587470
ffmq_de     0.05189635  0.05834513  0.32329992 -0.47611810  0.15715105
ffmq_nj     0.25718713  0.18669449  0.13034435 -0.77512197 -0.22802350
ffmq_nr     0.07226918  0.07144943 -0.08823453 -0.63046509 -0.07886764
ffmq_ob    -0.12415682 -0.13289613 -0.04269927  0.09719047  0.19374176
grt         0.17200080  0.60945962  0.05862576 -0.72018836 -0.11052223
leadChal   -0.03717398  0.29164449  0.21404347 -0.41192078  0.21386225
               ffmq_aa     ffmq_de     ffmq_nj     ffmq_nr     ffmq_ob
bfi_agree   0.07078177  0.05189635  0.25718713  0.07226918 -0.12415682
bfi_consc   0.24843912  0.05834513  0.18669449  0.07144943 -0.13289613
bfi_extrav -0.04254847  0.32329992  0.13034435 -0.08823453 -0.04269927
bfi_neur   -0.64369551 -0.47611810 -0.77512197 -0.63046509  0.09719047
bfi_open   -0.04587470  0.15715105 -0.22802350 -0.07886764  0.19374176
ffmq_aa     1.00000000  0.11565182  0.25557196  0.08855029 -0.18439595
ffmq_de     0.11565182  1.00000000  0.19713881  0.10593576 -0.02896925
ffmq_nj     0.25557196  0.19713881  1.00000000  0.11627610 -0.39976341
ffmq_nr     0.08855029  0.10593576  0.11627610  1.00000000 -0.08553660
ffmq_ob    -0.18439595 -0.02896925 -0.39976341 -0.08553660  1.00000000
grt         0.36357728  0.14886658  0.32603245  0.16344026 -0.25593014
leadChal   -0.01502642  0.06948639 -0.07462139  0.08885234  0.06749344
                   grt    leadChal
bfi_agree   0.17200080 -0.03717398
bfi_consc   0.60945962  0.29164449
bfi_extrav  0.05862576  0.21404347
bfi_neur   -0.72018836 -0.41192078
bfi_open   -0.11052223  0.21386225
ffmq_aa     0.36357728 -0.01502642
ffmq_de     0.14886658  0.06948639
ffmq_nj     0.32603245 -0.07462139
ffmq_nr     0.16344026  0.08885234
ffmq_ob    -0.25593014  0.06749344
grt         1.00000000  0.31212774
leadChal    0.31212774  1.00000000
