               bfi_agree  bfi_consc  bfi_extrav     bfi_neur   bfi_open
bfi_agree     1.00000000 0.26647226  0.13491819 -0.237066905 0.33495810
bfi_consc     0.26647226 1.00000000  0.19445698  0.054520946 0.14342204
bfi_extrav    0.13491819 0.19445698  1.00000000 -0.017694963 0.18438426
bfi_neur     -0.23706691 0.05452095 -0.01769496  1.000000000 0.02176279
bfi_open      0.33495810 0.14342204  0.18438426  0.021762787 1.00000000
ffmq_aa       0.09401670 0.25770519  0.02898162 -0.091462305 0.16698370
ffmq_de       0.09949254 0.03298767  0.15657032  0.017731204 0.13912419
ffmq_nj       0.14004552 0.07938291  0.16666595 -0.135102371 0.12047900
ffmq_nr       0.17568684 0.08915720  0.07753328 -0.056453956 0.16047460
ffmq_ob       0.14710679 0.15549451  0.23800060  0.154581036 0.31705811
ffmq          0.17496362 0.13861279  0.17753136 -0.212544126 0.24874428
grt           0.19122574 0.57781599  0.20703047  0.001651165 0.06120914
leadChal_bp1  0.18804956 0.07767583  0.20356308  0.007796197 0.22769333
leadChal_bp2  0.13880860 0.08770557  0.34032467 -0.008704857 0.24657419
leadChal_bp3  0.18543185 0.07297146  0.17540911 -0.037457535 0.27255920
leadChal      0.17955240 0.08466567  0.25896722 -0.022057831 0.26793371
                 ffmq_aa     ffmq_de     ffmq_nj     ffmq_nr    ffmq_ob
bfi_agree     0.09401670  0.09949254  0.14004552  0.17568684 0.14710679
bfi_consc     0.25770519  0.03298767  0.07938291  0.08915720 0.15549451
bfi_extrav    0.02898162  0.15657032  0.16666595  0.07753328 0.23800060
bfi_neur     -0.09146231  0.01773120 -0.13510237 -0.05645396 0.15458104
bfi_open      0.16698370  0.13912419  0.12047900  0.16047460 0.31705811
ffmq_aa       1.00000000  0.06468921  0.20591940  0.01884157 0.13564387
ffmq_de       0.06468921  1.00000000 -0.01913448  0.30290385 0.24817915
ffmq_nj       0.20591940 -0.01913448  1.00000000  0.06143114 0.01178825
ffmq_nr       0.01884157  0.30290385  0.06143114  1.00000000 0.26860358
ffmq_ob       0.13564387  0.24817915  0.01178825  0.26860358 1.00000000
ffmq          0.48333837  0.61329750  0.60005407  0.50806423 0.23294498
grt           0.28916623  0.09532891  0.22326520  0.07356029 0.12143681
leadChal_bp1  0.03257449  0.12527068  0.01229758  0.09968771 0.07998460
leadChal_bp2  0.09135403  0.12521768  0.08751993  0.05149634 0.13111646
leadChal_bp3  0.06395619  0.12905232  0.08150717  0.08690344 0.11883879
leadChal      0.05337386  0.14345031  0.06084621  0.07428847 0.11284869
                   ffmq         grt leadChal_bp1 leadChal_bp2 leadChal_bp3
bfi_agree     0.1749636 0.191225743  0.188049557  0.138808602   0.18543185
bfi_consc     0.1386128 0.577815992  0.077675826  0.087705567   0.07297146
bfi_extrav    0.1775314 0.207030474  0.203563079  0.340324667   0.17540911
bfi_neur     -0.2125441 0.001651165  0.007796197 -0.008704857  -0.03745754
bfi_open      0.2487443 0.061209144  0.227693329  0.246574194   0.27255920
ffmq_aa       0.4833384 0.289166227  0.032574494  0.091354029   0.06395619
ffmq_de       0.6132975 0.095328907  0.125270679  0.125217677   0.12905232
ffmq_nj       0.6000541 0.223265204  0.012297579  0.087519933   0.08150717
ffmq_nr       0.5080642 0.073560292  0.099687709  0.051496337   0.08690344
ffmq_ob       0.2329450 0.121436813  0.079984602  0.131116457   0.11883879
ffmq          1.0000000 0.228933796  0.120601396  0.155275847   0.17100492
grt           0.2289338 1.000000000  0.035561975  0.059130993   0.11454767
leadChal_bp1  0.1206014 0.035561975  1.000000000  0.822039744   0.80399857
leadChal_bp2  0.1552758 0.059130993  0.822039744  1.000000000   0.72799991
leadChal_bp3  0.1710049 0.114547665  0.803998571  0.727999912   1.00000000
leadChal      0.1662658 0.072207204  0.937831973  0.914761554   0.92184631
                leadChal
bfi_agree     0.17955240
bfi_consc     0.08466567
bfi_extrav    0.25896722
bfi_neur     -0.02205783
bfi_open      0.26793371
ffmq_aa       0.05337386
ffmq_de       0.14345031
ffmq_nj       0.06084621
ffmq_nr       0.07428847
ffmq_ob       0.11284869
ffmq          0.16626580
grt           0.07220720
leadChal_bp1  0.93783197
leadChal_bp2  0.91476155
leadChal_bp3  0.92184631
leadChal      1.00000000
