            auth_bp  auth_imp   auth_rt   auth_sa ili_champ   ili_emb   ili_ent
auth_bp   1.0000000 0.2791801 0.3776254 0.4129762 0.3103440 0.3689553 0.4496846
auth_imp  0.2791801 1.0000000 0.3687511 0.3669890 0.3893810 0.3128774 0.4065542
auth_rt   0.3776254 0.3687511 1.0000000 0.4482649 0.4797874 0.3828779 0.4074398
auth_sa   0.4129762 0.3669890 0.4482649 1.0000000 0.4446909 0.5004902 0.4965772
ili_champ 0.3103440 0.3893810 0.4797874 0.4446909 1.0000000 0.3986717 0.5663120
ili_emb   0.3689553 0.3128774 0.3828779 0.5004902 0.3986717 1.0000000 0.5240574
ili_ent   0.4496846 0.4065542 0.4074398 0.4965772 0.5663120 0.5240574 1.0000000
ili_pro   0.4177554 0.4717407 0.3785883 0.5134644 0.5346366 0.4734493 0.6316469
leadChal  0.4082053 0.4559352 0.4465619 0.4910494 0.4862345 0.5032015 0.5566817
lnr       0.1153590 0.1955405 0.1385284 0.1413333 0.2310196 0.1536717 0.2826224
tfl_id    0.3295731 0.4286112 0.3548017 0.4183078 0.5268291 0.3378536 0.5341917
tfl_insp  0.3899590 0.3453255 0.3592167 0.4979787 0.5299736 0.5529175 0.6651835
tfl_int   0.3301497 0.2642235 0.3264864 0.4637188 0.3927302 0.4429216 0.4798704
tfl_pers  0.3397334 0.3432150 0.3049662 0.3647410 0.3295133 0.2040216 0.4346042
tfl_sup   0.3839178 0.3056680 0.1689872 0.3695032 0.3828609 0.4032912 0.3909379
tfl_vis   0.2046830 0.2304539 0.2986593 0.2655509 0.3215939 0.4392450 0.3558716
            ili_pro  leadChal        lnr    tfl_id  tfl_insp   tfl_int
auth_bp   0.4177554 0.4082053 0.11535899 0.3295731 0.3899590 0.3301497
auth_imp  0.4717407 0.4559352 0.19554047 0.4286112 0.3453255 0.2642235
auth_rt   0.3785883 0.4465619 0.13852837 0.3548017 0.3592167 0.3264864
auth_sa   0.5134644 0.4910494 0.14133333 0.4183078 0.4979787 0.4637188
ili_champ 0.5346366 0.4862345 0.23101961 0.5268291 0.5299736 0.3927302
ili_emb   0.4734493 0.5032015 0.15367168 0.3378536 0.5529175 0.4429216
ili_ent   0.6316469 0.5566817 0.28262237 0.5341917 0.6651835 0.4798704
ili_pro   1.0000000 0.5423766 0.24191698 0.6425014 0.6018057 0.3473279
leadChal  0.5423766 1.0000000 0.42429014 0.5262102 0.5011181 0.5222355
lnr       0.2419170 0.4242901 1.00000000 0.3166525 0.2301143 0.1353497
tfl_id    0.6425014 0.5262102 0.31665253 1.0000000 0.4742739 0.2960363
tfl_insp  0.6018057 0.5011181 0.23011430 0.4742739 1.0000000 0.5221294
tfl_int   0.3473279 0.5222355 0.13534968 0.2960363 0.5221294 1.0000000
tfl_pers  0.3041742 0.2865072 0.12213100 0.3014855 0.4871337 0.3393695
tfl_sup   0.3706143 0.1726423 0.06246346 0.1814963 0.4342323 0.2768293
tfl_vis   0.4731095 0.4834936 0.23291597 0.4148644 0.4313898 0.3379673
           tfl_pers    tfl_sup    tfl_vis
auth_bp   0.3397334 0.38391779 0.20468297
auth_imp  0.3432150 0.30566797 0.23045387
auth_rt   0.3049662 0.16898724 0.29865928
auth_sa   0.3647410 0.36950322 0.26555093
ili_champ 0.3295133 0.38286085 0.32159389
ili_emb   0.2040216 0.40329123 0.43924505
ili_ent   0.4346042 0.39093790 0.35587160
ili_pro   0.3041742 0.37061434 0.47310953
leadChal  0.2865072 0.17264232 0.48349361
lnr       0.1221310 0.06246346 0.23291597
tfl_id    0.3014855 0.18149634 0.41486437
tfl_insp  0.4871337 0.43423230 0.43138975
tfl_int   0.3393695 0.27682933 0.33796734
tfl_pers  1.0000000 0.33168171 0.12951814
tfl_sup   0.3316817 1.00000000 0.05510141
tfl_vis   0.1295181 0.05510141 1.00000000
