          bfi_consc       grt       har  leadChal       lnr        mt
bfi_consc 1.0000000 0.7267793 0.3992519 0.3563789 0.4655306 0.5403849
grt       0.7267793 1.0000000 0.3721486 0.3472641 0.5060885 0.5239293
har       0.3992519 0.3721486 1.0000000 0.3459999 0.3748668 0.5932915
leadChal  0.3563789 0.3472641 0.3459999 1.0000000 0.4449322 0.4448600
lnr       0.4655306 0.5060885 0.3748668 0.4449322 1.0000000 0.3339249
mt        0.5403849 0.5239293 0.5932915 0.4448600 0.3339249 1.0000000
