            auth_bp  auth_imp   auth_rt   auth_sa ili_champ   ili_emb   ili_ent
auth_bp   1.0000000 0.6134389 0.7091888 0.7134219 0.3843188 0.3180538 0.3562930
auth_imp  0.6134389 1.0000000 0.6595517 0.6855989 0.4904947 0.2872896 0.3639469
auth_rt   0.7091888 0.6595517 1.0000000 0.7915517 0.4260100 0.3138531 0.3983458
auth_sa   0.7134219 0.6855989 0.7915517 1.0000000 0.4324323 0.3306223 0.3999091
ili_champ 0.3843188 0.4904947 0.4260100 0.4324323 1.0000000 0.6149605 0.7740760
ili_emb   0.3180538 0.2872896 0.3138531 0.3306223 0.6149605 1.0000000 0.6904617
ili_ent   0.3562930 0.3639469 0.3983458 0.3999091 0.7740760 0.6904617 1.0000000
ili_pro   0.3882206 0.4758661 0.4091003 0.4308374 0.7659563 0.6199420 0.7505985
leadChal  0.3975202 0.4854706 0.4244767 0.4308328 0.4658953 0.4108944 0.3779153
tfl_id    0.4660668 0.5898317 0.4405185 0.4980628 0.4230193 0.3368584 0.4422377
tfl_insp  0.5704365 0.5084620 0.5137189 0.5246239 0.4160548 0.4316589 0.4832977
tfl_int   0.5036333 0.4622724 0.4717522 0.4579982 0.4215758 0.4479823 0.4426946
tfl_pers  0.4802962 0.5621671 0.4063612 0.4901850 0.3691910 0.3052488 0.3648130
tfl_sup   0.5425419 0.5129475 0.4786094 0.5873392 0.2935513 0.2160846 0.3342722
tfl_vis   0.4990055 0.5860842 0.5770405 0.5366225 0.4744938 0.3620711 0.4334685
            ili_pro  leadChal    tfl_id  tfl_insp   tfl_int  tfl_pers   tfl_sup
auth_bp   0.3882206 0.3975202 0.4660668 0.5704365 0.5036333 0.4802962 0.5425419
auth_imp  0.4758661 0.4854706 0.5898317 0.5084620 0.4622724 0.5621671 0.5129475
auth_rt   0.4091003 0.4244767 0.4405185 0.5137189 0.4717522 0.4063612 0.4786094
auth_sa   0.4308374 0.4308328 0.4980628 0.5246239 0.4579982 0.4901850 0.5873392
ili_champ 0.7659563 0.4658953 0.4230193 0.4160548 0.4215758 0.3691910 0.2935513
ili_emb   0.6199420 0.4108944 0.3368584 0.4316589 0.4479823 0.3052488 0.2160846
ili_ent   0.7505985 0.3779153 0.4422377 0.4832977 0.4426946 0.3648130 0.3342722
ili_pro   1.0000000 0.4474181 0.5224671 0.4767999 0.4528037 0.4093072 0.3330468
leadChal  0.4474181 1.0000000 0.5371147 0.5886105 0.5164988 0.5072749 0.3754356
tfl_id    0.5224671 0.5371147 1.0000000 0.7148702 0.6128896 0.7224801 0.5779173
tfl_insp  0.4767999 0.5886105 0.7148702 1.0000000 0.7875954 0.6823180 0.6130584
tfl_int   0.4528037 0.5164988 0.6128896 0.7875954 1.0000000 0.5979602 0.4993448
tfl_pers  0.4093072 0.5072749 0.7224801 0.6823180 0.5979602 1.0000000 0.6283969
tfl_sup   0.3330468 0.3754356 0.5779173 0.6130584 0.4993448 0.6283969 1.0000000
tfl_vis   0.4808729 0.5432568 0.7114391 0.6768772 0.5711298 0.6119819 0.4780656
            tfl_vis
auth_bp   0.4990055
auth_imp  0.5860842
auth_rt   0.5770405
auth_sa   0.5366225
ili_champ 0.4744938
ili_emb   0.3620711
ili_ent   0.4334685
ili_pro   0.4808729
leadChal  0.5432568
tfl_id    0.7114391
tfl_insp  0.6768772
tfl_int   0.5711298
tfl_pers  0.6119819
tfl_sup   0.4780656
tfl_vis   1.0000000
